massa
t	x	y
0.000000000E0	5.062725297E0	1.492402523E0
3.333333333E-2	5.054666632E0	1.500892691E0
6.665555556E-2	5.051774945E0	1.501420988E0
9.997777778E-2	5.040156730E0	1.495247732E0
1.333111111E-1	5.046245333E0	1.488667069E0
1.666444444E-1	5.035294682E0	1.469587525E0
1.999666667E-1	4.979613603E0	1.475075008E0
2.332888889E-1	4.862368116E0	1.490981509E0
2.666222222E-1	4.636657626E0	1.540770712E0
2.999555556E-1	4.344347574E0	1.649103003E0
3.332777778E-1	3.955517320E0	1.788833370E0
3.666000000E-1	3.558806523E0	1.910471983E0
3.999333333E-1	3.104424870E0	2.074685435E0
4.332666667E-1	2.672702895E0	2.147331514E0
4.665888889E-1	2.315261025E0	2.308136634E0
4.999222222E-1	2.080681884E0	2.303678948E0
5.332555556E-1	1.980678161E0	2.124650406E0
5.665777778E-1	1.974967700E0	2.021612442E0
5.999000000E-1	2.085678608E0	1.883741012E0
6.332222222E-1	2.286606820E0	1.770559846E0
6.665777778E-1	2.578755975E0	1.676337385E0
6.998888889E-1	2.925599283E0	1.681597703E0
7.332111111E-1	3.302486988E0	1.631103490E0
7.665444444E-1	3.592492860E0	1.624392501E0
7.998777778E-1	3.922333212E0	1.586321984E0
8.332000000E-1	4.262721965E0	1.563418430E0
8.665333333E-1	4.427692521E0	1.548929561E0
8.998555556E-1	4.556351211E0	1.608260414E0
9.331888889E-1	4.650946220E0	1.655995404E0
9.665111111E-1	4.647238939E0	1.694626703E0
9.998444444E-1	4.550697960E0	1.744887587E0
1.033166667E0	4.385007367E0	1.797523182E0
1.066500000E0	4.159699778E0	1.863513059E0
1.099833333E0	3.882716813E0	1.949089857E0
1.133155556E0	3.584599258E0	1.993022769E0
1.166488889E0	3.267926891E0	2.014307703E0
1.199811111E0	2.945834886E0	2.032315316E0
1.233144444E0	2.703245533E0	2.048897910E0
1.266466667E0	2.503005735E0	2.044604772E0
1.299800000E0	2.355466144E0	2.027035979E0
1.333122222E0	2.309007114E0	2.007843559E0
1.366455556E0	2.336014004E0	1.970925694E0
1.399788889E0	2.447744191E0	1.918028845E0
1.433111111E0	2.643360774E0	1.865634906E0
1.466433333E0	2.872467499E0	1.823342737E0
1.499777778E0	3.108019875E0	1.755223808E0
1.533100000E0	3.386093185E0	1.717414020E0
1.566433333E0	3.572562266E0	1.572646914E0
1.599744444E0	3.875286569E0	1.631914982E0
1.633077778E0	4.079344093E0	1.610252391E0
1.666400000E0	4.220095682E0	1.591196257E0
1.699733333E0	4.298927082E0	1.575237760E0
1.733055556E0	4.323280474E0	1.592277803E0
1.766388889E0	4.295736157E0	1.624030623E0
1.799722222E0	4.191763141E0	1.656172045E0
1.833044444E0	3.994624241E0	1.687286234E0
1.866377778E0	3.778981921E0	1.737081747E0
1.899711111E0	3.499734671E0	1.733756856E0
1.933033333E0	3.273172153E0	1.754982126E0
1.966366667E0	3.074123319E0	1.792317897E0
1.999688889E0	2.863746882E0	1.836249540E0
2.033011111E0	2.710194685E0	1.840787617E0
2.066344444E0	2.605153740E0	1.850038925E0
2.099677778E0	2.567778051E0	1.847758857E0
2.133011111E0	2.565948580E0	1.836543584E0
2.166333333E0	2.618276315E0	1.820660741E0
2.199666667E0	2.740830677E0	1.771362328E0
2.232988889E0	2.927813353E0	1.732948620E0
2.266311111E0	3.133672725E0	1.674057923E0
2.299644444E0	3.339927257E0	1.636683529E0
2.332966667E0	3.532920397E0	1.587325148E0
2.366311111E0	3.697980693E0	1.500635449E0
2.399633333E0	3.864622436E0	1.459096008E0
2.432966667E0	4.013906734E0	1.420547481E0
2.466288889E0	4.104087964E0	1.376789610E0
2.499622222E0	4.131356777E0	1.351386537E0
2.532944444E0	4.116821864E0	1.345975993E0
2.566266667E0	4.041311276E0	1.331626413E0
2.599611111E0	3.917067956E0	1.320759248E0
2.632933333E0	3.759529294E0	1.340296363E0
2.666266667E0	3.573246702E0	1.375101958E0
2.699588889E0	3.377926183E0	1.415663632E0
2.732922222E0	3.191500960E0	1.454628243E0
2.766233333E0	3.011541860E0	1.515702955E0
2.799577778E0	2.851706499E0	1.572925972E0
2.832900000E0	2.733805976E0	1.619531254E0
2.866233333E0	2.692107962E0	1.672190752E0
2.899555556E0	2.704630414E0	1.694601155E0
2.932877778E0	2.735160066E0	1.714536355E0
2.966211111E0	2.855007846E0	1.724208776E0
2.999544444E0	2.962759123E0	1.711864644E0
3.032866667E0	3.105492165E0	1.677502386E0
3.066188889E0	3.252763767E0	1.627380730E0
3.099533333E0	3.405622424E0	1.585514447E0
3.132855556E0	3.578641181E0	1.528788140E0
3.166177778E0	3.746719011E0	1.482414550E0
3.199500000E0	3.877558325E0	1.448761615E0
3.232844444E0	3.953484661E0	1.387829160E0
3.266166667E0	3.981857406E0	1.340839966E0
3.299488889E0	3.976822716E0	1.316669506E0
3.332822222E0	3.917141341E0	1.293712860E0
3.366155556E0	3.835340203E0	1.295480692E0
3.399477778E0	3.715733203E0	1.303680611E0
3.432800000E0	3.564944165E0	1.311397809E0
3.466133333E0	3.396464246E0	1.340069060E0
3.499466667E0	3.244649867E0	1.379683987E0
3.532788889E0	3.093929853E0	1.433629692E0
3.566122222E0	2.950457936E0	1.486777334E0
3.599444444E0	2.853636256E0	1.541346470E0
3.632777778E0	2.802131764E0	1.581403952E0
3.666111111E0	2.789132994E0	1.624413263E0
3.699433333E0	2.801449620E0	1.648343390E0
3.732755556E0	2.852441675E0	1.665422771E0
3.766100000E0	2.932069058E0	1.667380966E0
3.799422222E0	3.052994166E0	1.653628082E0
3.832744444E0	3.195802960E0	1.647657471E0
3.866077778E0	3.353586363E0	1.622347042E0
3.899411111E0	3.510370671E0	1.601133922E0
3.932733333E0	3.640477229E0	1.569443368E0
3.966055556E0	3.750922127E0	1.524501084E0
3.999377778E0	3.826010772E0	1.472345871E0
4.032711111E0	3.872065688E0	1.436716782E0
4.066044444E0	3.875288967E0	1.418556719E0
4.099377778E0	3.861652647E0	1.393856644E0
4.132700000E0	3.804340804E0	1.376718820E0
4.166033333E0	3.713789441E0	1.374998095E0
4.199366667E0	3.593045005E0	1.381913901E0
4.232677778E0	3.447281323E0	1.392973995E0
4.266011111E0	3.316019518E0	1.414540055E0
4.299344444E0	3.193845282E0	1.446076881E0
4.332666667E0	3.073429108E0	1.475299615E0
4.366000000E0	2.982313129E0	1.504526952E0
4.399322222E0	2.904806474E0	1.536812428E0
4.432655556E0	2.879815141E0	1.561508475E0
4.465988889E0	2.881956052E0	1.584936096E0
4.499300000E0	2.925238095E0	1.613220133E0
4.532633333E0	2.991858960E0	1.635184074E0
4.565966667E0	3.072119067E0	1.629428659E0
4.599300000E0	3.176020737E0	1.629798973E0
4.632622222E0	3.300837651E0	1.639957648E0
4.665944444E0	3.434879633E0	1.635331668E0
4.699288889E0	3.551582123E0	1.620544730E0
4.732611111E0	3.665760576E0	1.604919771E0
4.765933333E0	3.744397828E0	1.591057796E0
4.799266667E0	3.773364128E0	1.579361077E0
4.832600000E0	3.795767947E0	1.568415498E0
4.865922222E0	3.802507176E0	1.557634988E0
4.899255556E0	3.758751184E0	1.546521120E0
4.932577778E0	3.675062666E0	1.528022562E0
4.965911111E0	3.571151479E0	1.523450463E0
4.999233333E0	3.453975651E0	1.522209065E0
5.032555556E0	3.334424467E0	1.514792130E0
5.065888889E0	3.214066962E0	1.519895655E0
5.099222222E0	3.098864068E0	1.528016990E0
5.132544444E0	3.020467644E0	1.517364675E0
5.165877778E0	2.948981492E0	1.515418935E0
5.199200000E0	2.907110112E0	1.534482989E0
5.232533333E0	2.902501689E0	1.539720401E0
5.265855556E0	2.923860207E0	1.535918717E0
5.299177778E0	2.983547046E0	1.537993388E0
5.332511111E0	3.075800975E0	1.546336040E0
5.365833333E0	3.175777661E0	1.551060698E0
5.399166667E0	3.275974769E0	1.564307195E0
5.432500000E0	3.401570863E0	1.568386984E0
5.465822222E0	3.519192185E0	1.563643793E0
5.499155556E0	3.598435999E0	1.558869801E0
5.532477778E0	3.682821895E0	1.554668989E0
5.565800000E0	3.742718394E0	1.572682652E0
5.599133333E0	3.761087339E0	1.577378853E0
5.632466667E0	3.741726024E0	1.577547977E0
5.665800000E0	3.708797611E0	1.565504379E0
5.699122222E0	3.650340541E0	1.551347642E0
5.732455556E0	3.569173372E0	1.552709258E0
5.765788889E0	3.473861740E0	1.559411115E0
5.799111111E0	3.355730831E0	1.560773894E0
5.832433333E0	3.237359905E0	1.545529916E0
5.865766667E0	3.133830217E0	1.530545781E0
5.899088889E0	3.025773257E0	1.526212162E0
5.932422222E0	2.949761933E0	1.501406659E0
5.965744444E0	2.903749817E0	1.472217842E0
5.999077778E0	2.874679951E0	1.459278304E0
6.032400000E0	2.898813233E0	1.439129726E0
6.065733333E0	2.968645373E0	1.419562508E0
6.099055556E0	3.035834297E0	1.410558840E0
6.132388889E0	3.128595587E0	1.417986345E0
6.165711111E0	3.231452564E0	1.416616186E0
6.199044444E0	3.334306405E0	1.418335069E0
6.232377778E0	3.437893216E0	1.423545185E0
6.265711111E0	3.517515163E0	1.429312137E0
6.299022222E0	3.592144919E0	1.450587298E0
6.332355556E0	3.642763948E0	1.477672500E0
6.365677778E0	3.669702935E0	1.500197310E0
6.399022222E0	3.674943841E0	1.525616090E0
6.432344444E0	3.666223079E0	1.545694051E0
6.465677778E0	3.620484778E0	1.550742787E0
6.499000000E0	3.546707126E0	1.573395252E0
6.532333333E0	3.471829282E0	1.584332286E0
6.565655556E0	3.385851317E0	1.604794577E0
6.598988889E0	3.300150526E0	1.601348097E0
6.632311111E0	3.210686920E0	1.594461662E0
6.665644444E0	3.153750461E0	1.581065009E0
6.698966667E0	3.098694489E0	1.561059680E0
6.732300000E0	3.058018647E0	1.536867075E0
6.765622222E0	3.048953205E0	1.508653612E0
6.798955556E0	3.059385415E0	1.488446598E0
6.832288889E0	3.102732457E0	1.470661439E0
6.865611111E0	3.169043562E0	1.449941065E0
6.898933333E0	3.241961700E0	1.446988538E0
6.932266667E0	3.319741015E0	1.441849960E0
6.965600000E0	3.413816653E0	1.420615731E0
6.998922222E0	3.492405622E0	1.424028053E0
7.032255556E0	3.564197834E0	1.429398692E0
7.065577778E0	3.623229892E0	1.442457153E0
7.098911111E0	3.689892608E0	1.459451914E0
7.132244444E0	3.718877140E0	1.482774767E0
7.165566667E0	3.714453043E0	1.504963617E0
7.198900000E0	3.669309261E0	1.523556194E0
7.232222222E0	3.622302414E0	1.544259989E0
7.265555556E0	3.553561861E0	1.570360406E0
7.298877778E0	3.496510834E0	1.587181867E0
7.332200000E0	3.425176619E0	1.604983012E0
7.365544444E0	3.345296466E0	1.610045694E0
7.398855556E0	3.269174618E0	1.615638304E0
7.432177778E0	3.217750623E0	1.606240058E0
7.465522222E0	3.175037944E0	1.598021833E0
7.498844444E0	3.131455108E0	1.575980453E0
7.532166667E0	3.104242258E0	1.554634612E0
7.565500000E0	3.108904454E0	1.550742618E0
7.598833333E0	3.147071411E0	1.529329374E0
7.632155556E0	3.204088997E0	1.501682767E0
7.665488889E0	3.273240861E0	1.482260586E0
7.698811111E0	3.344222419E0	1.464835848E0
7.732144444E0	3.420448539E0	1.446610927E0
7.765466667E0	3.493159199E0	1.433980250E0
7.798811111E0	3.555564331E0	1.419340640E0
7.832122222E0	3.618668118E0	1.402152750E0
7.865455556E0	3.659839510E0	1.404688368E0
7.898777778E0	3.675463899E0	1.417329119E0
7.932111111E0	3.673012174E0	1.425897786E0
7.965433333E0	3.665869635E0	1.432134438E0
7.998766667E0	3.630141743E0	1.457053369E0
8.032100000E0	3.568759207E0	1.484210813E0
8.065422222E0	3.496884754E0	1.493702468E0
8.098755556E0	3.424659839E0	1.515306057E0
8.132077778E0	3.352082435E0	1.541658587E0
8.165411111E0	3.279619542E0	1.550373453E0
8.198744444E0	3.220814011E0	1.551963169E0
8.232077778E0	3.173628943E0	1.549105196E0
8.265388889E0	3.140912927E0	1.531752472E0
8.298722222E0	3.124144218E0	1.523778174E0
8.332044444E0	3.123711625E0	1.506233287E0
8.365377778E0	3.148508371E0	1.502372964E0
8.398711111E0	3.182821526E0	1.498589183E0
8.432033333E0	3.223328984E0	1.481651525E0
8.465366667E0	3.272013075E0	1.469326918E0
8.498688889E0	3.337617512E0	1.461051440E0
8.532022222E0	3.401289856E0	1.444415712E0
8.565355556E0	3.447247932E0	1.436894148E0
8.598688889E0	3.516695415E0	1.425075641E0
8.632022222E0	3.566896175E0	1.430903985E0
8.665333333E0	3.588140886E0	1.429270862E0
8.698666667E0	3.592254160E0	1.423722252E0
8.731988889E0	3.578829518E0	1.426034176E0
8.765322222E0	3.567550050E0	1.448269249E0
8.798644444E0	3.563780837E0	1.460391726E0
8.831977778E0	3.528993614E0	1.482256440E0
8.865300000E0	3.454797105E0	1.505023076E0
8.898622222E0	3.386680266E0	1.508984527E0
8.931955556E0	3.324604334E0	1.515458448E0
8.965288889E0	3.266081638E0	1.517203359E0
8.998611111E0	3.233296107E0	1.520710869E0
9.031933333E0	3.219255484E0	1.524029198E0
9.065266667E0	3.200762383E0	1.517856974E0
9.098600000E0	3.192244553E0	1.498119935E0
9.131922222E0	3.198370486E0	1.498478774E0
9.165244444E0	3.226339083E0	1.499744160E0
9.198577778E0	3.259764279E0	1.494665607E0
9.231911111E0	3.299002700E0	1.492459776E0
9.265244444E0	3.370772182E0	1.491814303E0
9.298566667E0	3.446448165E0	1.491714795E0
9.331888889E0	3.494936072E0	1.488954545E0
9.365233333E0	3.544360255E0	1.484119974E0
9.398544444E0	3.593514492E0	1.476541665E0
9.431877778E0	3.617413991E0	1.479718026E0
9.465200000E0	3.641069208E0	1.479274028E0
9.498544444E0	3.645550346E0	1.479600152E0
9.531877778E0	3.636484778E0	1.480901569E0
9.565188889E0	3.598633216E0	1.476839337E0
9.598522222E0	3.540916867E0	1.489267365E0
9.631855556E0	3.495990588E0	1.485132839E0
9.665188889E0	3.459115210E0	1.476161765E0
9.698500000E0	3.394142241E0	1.484080389E0
9.731833333E0	3.331025855E0	1.485890423E0
9.765166667E0	3.297504831E0	1.481838350E0
9.798500000E0	3.269901581E0	1.489688218E0
9.831822222E0	3.250953957E0	1.494902335E0
9.865144444E0	3.246926677E0	1.496425424E0
9.898477778E0	3.230469752E0	1.503813961E0
9.931822222E0	3.248217995E0	1.516079216E0
9.965133333E0	3.297801480E0	1.517839544E0
9.998455556E0	3.342422063E0	1.515062088E0
1.003182222E1	3.381870080E0	1.519124274E0
1.006512222E1	3.435764227E0	1.531233486E0
1.009843333E1	3.498494809E0	1.534110915E0
1.013176667E1	3.552473193E0	1.543056927E0
1.016510000E1	3.595344238E0	1.535694503E0
1.019843333E1	3.611861352E0	1.529689214E0
1.023175556E1	3.620373831E0	1.538513798E0
1.026508889E1	3.621864957E0	1.539862471E0
1.029842222E1	3.621965371E0	1.530818257E0
1.033174444E1	3.599091063E0	1.529646436E0
1.036507778E1	3.553494346E0	1.525858826E0
1.039840000E1	3.499825542E0	1.505601182E0
1.043172222E1	3.446849877E0	1.487707116E0
1.046505556E1	3.400997743E0	1.489784897E0
1.049837778E1	3.361474952E0	1.490455989E0
1.053171111E1	3.323780525E0	1.492804799E0
1.056504444E1	3.275639260E0	1.489896347E0
1.059836667E1	3.249263479E0	1.478905240E0
1.063170000E1	3.247359586E0	1.475695895E0
1.066503333E1	3.248035393E0	1.473749734E0
1.069835556E1	3.248300691E0	1.478177719E0
1.073168889E1	3.268908257E0	1.472952688E0
1.076501111E1	3.300149682E0	1.471834754E0
1.079834444E1	3.344744935E0	1.491802948E0
1.083166667E1	3.379053529E0	1.512311492E0
1.086500000E1	3.434568836E0	1.513657016E0
1.089832222E1	3.490431406E0	1.513901554E0
1.093164444E1	3.523271893E0	1.532429561E0
1.096497778E1	3.548149411E0	1.533686453E0
1.099831111E1	3.575910997E0	1.532244697E0
1.103163333E1	3.588686427E0	1.537593109E0
1.106496667E1	3.596628893E0	1.548455169E0
1.109828889E1	3.594971154E0	1.537818678E0
1.113162222E1	3.548386041E0	1.531197241E0
1.116494444E1	3.510831399E0	1.535968111E0
1.119827778E1	3.475134272E0	1.530051128E0
1.123160000E1	3.447436174E0	1.513788518E0
1.126493333E1	3.397753791E0	1.515051639E0
1.129825556E1	3.324585260E0	1.499788512E0
1.133157778E1	3.273419466E0	1.492243062E0
1.136493333E1	3.256801793E0	1.493822241E0
1.139825556E1	3.240970271E0	1.471274853E0
1.143157778E1	3.220704931E0	1.465664419E0
1.146490000E1	3.215421482E0	1.466532967E0
1.149823333E1	3.241112276E0	1.455546989E0
1.153155556E1	3.276233924E0	1.468771079E0
1.156488889E1	3.319441878E0	1.468008138E0
1.159821111E1	3.359560420E0	1.489433060E0
1.163153333E1	3.402303167E0	1.512855398E0
1.166486667E1	3.458707714E0	1.511702948E0
1.169820000E1	3.493811388E0	1.522124401E0
1.173152222E1	3.522046793E0	1.523961038E0
1.176485556E1	3.554978930E0	1.531389921E0
1.179818889E1	3.585054535E0	1.552988841E0
1.183150000E1	3.596959671E0	1.563077397E0
1.186483333E1	3.587135215E0	1.577745645E0
1.189816667E1	3.574428335E0	1.580813346E0
1.193148889E1	3.548069395E0	1.586076269E0
1.196482222E1	3.507998923E0	1.594822085E0
1.199814444E1	3.478033442E0	1.583284633E0
1.203147778E1	3.435330637E0	1.584782009E0
1.206482222E1	3.400413596E0	1.570550166E0
1.209813333E1	3.365113723E0	1.561017764E0
1.213145556E1	3.341443223E0	1.563570044E0
1.216480000E1	3.328124387E0	1.548787798E0
1.219812222E1	3.315213694E0	1.539588786E0
1.223145556E1	3.329210025E0	1.541746337E0
1.226477778E1	3.354482423E0	1.537466429E0
1.229811111E1	3.375905541E0	1.532750515E0
1.233143333E1	3.402630200E0	1.536103755E0
1.236475556E1	3.447733109E0	1.518583295E0
1.239807778E1	3.492867611E0	1.517668347E0
1.243142222E1	3.526672181E0	1.535208366E0
1.246474444E1	3.552311317E0	1.532988118E0
1.249807778E1	3.580644075E0	1.531568213E0
1.253140000E1	3.601651489E0	1.546042280E0
1.256473333E1	3.631047198E0	1.551369215E0
1.259805556E1	3.649422310E0	1.550638556E0
1.263138889E1	3.647115433E0	1.555344176E0
1.266472222E1	3.647874076E0	1.568220826E0
1.269805556E1	3.639096123E0	1.577727598E0
1.273137778E1	3.623986060E0	1.581015864E0
1.276470000E1	3.583274071E0	1.576293556E0
1.279803333E1	3.527022071E0	1.564177098E0
1.283135556E1	3.466540110E0	1.554732243E0
1.286468889E1	3.428427998E0	1.556670136E0
1.289803333E1	3.399353071E0	1.549423149E0
1.293134444E1	3.375128886E0	1.545745315E0
1.296466667E1	3.358164803E0	1.542139615E0
1.299800000E1	3.348395531E0	1.520536831E0
1.303132222E1	3.350554422E0	1.524394914E0
1.306465556E1	3.398903191E0	1.531012924E0
1.309797778E1	3.457714892E0	1.532930311E0
1.313130000E1	3.476376240E0	1.533915791E0
1.316463333E1	3.500489977E0	1.550375005E0
1.319796667E1	3.561557210E0	1.557670103E0
1.323128889E1	3.609925141E0	1.535011324E0
1.326461111E1	3.644974655E0	1.529044303E0
1.329794444E1	3.691301471E0	1.556794389E0
1.333126667E1	3.728944972E0	1.571197771E0
1.336462222E1	3.745721576E0	1.561030936E0
1.339793333E1	3.744693705E0	1.572660923E0
1.343125556E1	3.728087722E0	1.573521159E0
1.346458889E1	3.716108902E0	1.569232616E0
1.349792222E1	3.689878073E0	1.578218323E0
1.353124444E1	3.660289695E0	1.579392351E0
1.356456667E1	3.616643473E0	1.577468861E0
1.359791111E1	3.578208775E0	1.587280404E0
1.363123333E1	3.546981505E0	1.588007404E0
1.366457778E1	3.519690282E0	1.583103842E0
1.369788889E1	3.482904593E0	1.586314744E0
1.373122222E1	3.474287799E0	1.581563211E0
1.376455556E1	3.455327387E0	1.583454293E0
1.379787778E1	3.458932733E0	1.584547056E0
1.383120000E1	3.476176443E0	1.583781905E0
1.386452222E1	3.498965634E0	1.585683903E0
1.389786667E1	3.548655702E0	1.583129266E0
1.393118889E1	3.589668530E0	1.577166871E0
1.396451111E1	3.625079689E0	1.577723850E0
1.399784444E1	3.674033005E0	1.580330271E0
1.403116667E1	3.713387511E0	1.594341077E0
1.406450000E1	3.747166299E0	1.590195745E0
1.409782222E1	3.771947180E0	1.584069063E0
1.413115556E1	3.775368156E0	1.595329317E0
1.416448889E1	3.775901316E0	1.586867465E0
1.419782222E1	3.767302027E0	1.587861080E0
1.423114444E1	3.749283467E0	1.589369738E0
1.426446667E1	3.724001789E0	1.576297200E0
1.429780000E1	3.687072173E0	1.574034746E0
1.433113333E1	3.653029410E0	1.578129354E0
1.436444444E1	3.604344990E0	1.580637812E0
1.439777778E1	3.565857454E0	1.580397332E0
1.443111111E1	3.531796950E0	1.581648383E0
1.446444444E1	3.504784085E0	1.587547083E0
1.449775556E1	3.500690165E0	1.593193516E0
1.453108889E1	3.497858599E0	1.586965589E0
1.456441111E1	3.493778413E0	1.586267885E0
1.459774444E1	3.498085264E0	1.586458147E0
1.463107778E1	3.504864867E0	1.587333437E0
1.466441111E1	3.553919002E0	1.584404608E0
1.469773333E1	3.598422365E0	1.582141006E0
1.473106667E1	3.624678039E0	1.584310138E0
1.476438889E1	3.652889861E0	1.588850047E0
1.479772222E1	3.686314505E0	1.579626432E0
1.483104444E1	3.715274719E0	1.568500042E0
1.486437778E1	3.741632981E0	1.556220564E0
1.489770000E1	3.733243255E0	1.550707267E0
1.493102222E1	3.716929383E0	1.545818392E0
1.496436667E1	3.702400709E0	1.547832941E0
1.499768889E1	3.669907417E0	1.538732407E0
1.503102222E1	3.625377376E0	1.529195476E0
1.506434444E1	3.594491867E0	1.525922931E0
1.509767778E1	3.546966358E0	1.528841941E0
1.513100000E1	3.494521941E0	1.520326252E0
1.516432222E1	3.428826313E0	1.518186765E0
1.519766667E1	3.394972630E0	1.514952135E0
1.523098889E1	3.395823742E0	1.515236763E0
1.526432222E1	3.396958936E0	1.518685838E0
1.529763333E1	3.353438064E0	1.514769810E0
1.533096667E1	3.329261741E0	1.517462799E0
1.536430000E1	3.343925214E0	1.519008017E0
1.539763333E1	3.379100464E0	1.538308621E0
1.543094444E1	3.425819244E0	1.541106689E0
1.546427778E1	3.444716187E0	1.537573558E0
1.549761111E1	3.469224109E0	1.557193429E0
1.553094444E1	3.524658288E0	1.564494055E0
1.556425556E1	3.574489509E0	1.554677789E0
1.559758889E1	3.582780792E0	1.555709054E0
1.563092222E1	3.589966409E0	1.554383967E0
1.566426667E1	3.619268297E0	1.542640722E0
1.569757778E1	3.663868199E0	1.533796058E0
1.573091111E1	3.695983269E0	1.529995845E0
1.576423333E1	3.687595412E0	1.520638881E0
1.579756667E1	3.671842397E0	1.524729890E0
1.583088889E1	3.655891032E0	1.528755891E0
1.586422222E1	3.642832758E0	1.525603965E0
1.589755556E1	3.620671445E0	1.525649890E0
1.593090000E1	3.595410283E0	1.513834530E0
1.596420000E1	3.570133047E0	1.512897990E0
1.599753333E1	3.546201227E0	1.511925514E0
1.603085556E1	3.523548696E0	1.512824640E0
1.606418889E1	3.499362630E0	1.529389686E0
1.609751111E1	3.520859730E0	1.532922160E0
1.613084444E1	3.540910579E0	1.531356354E0
1.616416667E1	3.529495482E0	1.532800785E0
1.619748889E1	3.550018609E0	1.538138421E0
1.623082222E1	3.589893806E0	1.541164962E0
1.626415556E1	3.629003047E0	1.548736379E0
1.629748889E1	3.671350059E0	1.556627269E0
1.633082222E1	3.698085668E0	1.550902166E0
1.636414444E1	3.697340759E0	1.549980647E0
1.639746667E1	3.707518869E0	1.560325927E0
1.643081111E1	3.750148114E0	1.557523566E0
1.646413333E1	3.769810111E0	1.557535246E0
1.649745556E1	3.767305229E0	1.553624506E0
1.653078889E1	3.765387280E0	1.548437394E0
1.656412222E1	3.748734548E0	1.553714951E0
1.659744444E1	3.766873624E0	1.547086995E0
1.663076667E1	3.753146992E0	1.522273825E0
1.666410000E1	3.700990976E0	1.519233495E0
1.669743333E1	3.671441367E0	1.522725739E0
1.673075556E1	3.648918120E0	1.508723869E0
1.676408889E1	3.643871929E0	1.497232615E0
1.679741111E1	3.621222801E0	1.505228985E0
1.683074444E1	3.596783047E0	1.506370425E0
1.686406667E1	3.593247908E0	1.505733712E0
1.689738889E1	3.592967019E0	1.515923533E0
1.693071111E1	3.600802616E0	1.506068328E0
1.696404444E1	3.626367212E0	1.508945513E0
1.699737778E1	3.647781838E0	1.529202876E0
1.703070000E1	3.650109438E0	1.514377846E0
1.706403333E1	3.679098389E0	1.525416326E0
1.709736667E1	3.722983958E0	1.532289334E0
1.713068889E1	3.771110460E0	1.527140686E0
1.716401111E1	3.792379598E0	1.535239033E0
1.719734444E1	3.801455135E0	1.540939176E0
1.723067778E1	3.815670391E0	1.564441470E0
1.726401111E1	3.799591884E0	1.565443315E0
1.729732222E1	3.791816376E0	1.567975400E0
1.733065556E1	3.796588349E0	1.574856099E0
1.736398889E1	3.802803498E0	1.569174542E0
1.739732222E1	3.775760971E0	1.567198670E0
1.743064444E1	3.743916468E0	1.561968885E0
1.746397778E1	3.724280582E0	1.563179491E0
1.749731111E1	3.701704923E0	1.558737937E0
1.753063333E1	3.673381975E0	1.546331388E0
1.756395556E1	3.646620289E0	1.550385831E0
1.759728889E1	3.623735309E0	1.552612788E0
1.763062222E1	3.624069572E0	1.553320343E0
1.766394444E1	3.633461465E0	1.553238396E0
1.769726667E1	3.637713585E0	1.550280953E0
1.773060000E1	3.649926952E0	1.551806817E0
1.776393333E1	3.674386512E0	1.552728320E0
1.779726667E1	3.695704656E0	1.552116865E0
1.783058889E1	3.723613125E0	1.550415857E0
1.786392222E1	3.765081250E0	1.547533272E0
1.789724444E1	3.793120601E0	1.546593345E0
1.793057778E1	3.818293915E0	1.545743098E0
1.796390000E1	3.822096257E0	1.545921325E0
1.799722222E1	3.839612077E0	1.549062216E0
1.803055556E1	3.873614340E0	1.549118164E0
1.806387778E1	3.872655320E0	1.545233585E0
1.809721111E1	3.844638364E0	1.543126883E0
1.813053333E1	3.821860587E0	1.544621363E0
1.816386667E1	3.798122563E0	1.545589758E0
1.819718889E1	3.786451511E0	1.551409579E0
1.823052222E1	3.795388744E0	1.548810517E0
1.826384444E1	3.772795291E0	1.540531706E0
1.829717778E1	3.722221055E0	1.547574220E0
1.833050000E1	3.699558082E0	1.557655698E0
1.836383333E1	3.707467624E0	1.556626492E0
1.839716667E1	3.719122048E0	1.553410591E0
1.843048889E1	3.707325242E0	1.553252479E0
1.846381111E1	3.685492889E0	1.543349735E0
1.849714444E1	3.691745340E0	1.537197758E0
1.853046667E1	3.704942469E0	1.544863971E0
1.856380000E1	3.726914321E0	1.534013001E0
1.859712222E1	3.742859366E0	1.519776267E0
1.863045556E1	3.749203239E0	1.519934112E0
1.866381111E1	3.770533205E0	1.522094311E0
1.869711111E1	3.796237430E0	1.521091774E0
1.873045556E1	3.821294749E0	1.512711692E0
1.876377778E1	3.822522971E0	1.519575468E0
1.879710000E1	3.819177547E0	1.519818901E0
1.883043333E1	3.826028756E0	1.520365781E0
1.886376667E1	3.845750190E0	1.523414262E0
1.889707778E1	3.846979420E0	1.522024710E0
1.893041111E1	3.822864837E0	1.520283112E0
1.896374444E1	3.778988122E0	1.524292333E0
1.899706667E1	3.743391098E0	1.524947399E0
1.903038889E1	3.727532860E0	1.521745618E0
1.906372222E1	3.725696425E0	1.521742382E0
1.909705556E1	3.716976986E0	1.521749005E0
1.913037778E1	3.677876456E0	1.509388616E0
1.916371111E1	3.648749860E0	1.520079766E0
1.919703333E1	3.647341301E0	1.524850681E0
1.923036667E1	3.646806435E0	1.517272545E0
1.926368889E1	3.649843202E0	1.523611324E0
1.929702222E1	3.670128717E0	1.524259945E0
1.933034444E1	3.679019394E0	1.508295965E0
1.936367778E1	3.694358131E0	1.507673496E0
1.939701111E1	3.728644885E0	1.508508220E0
1.943033333E1	3.753858223E0	1.498707670E0
1.946366667E1	3.773545945E0	1.496743347E0
1.949698889E1	3.794239189E0	1.499598641E0
1.953032222E1	3.820538070E0	1.501121373E0
1.956365556E1	3.843370770E0	1.492171624E0
1.959697778E1	3.845703623E0	1.500628654E0
1.963030000E1	3.862977026E0	1.517083659E0
1.966363333E1	3.871163636E0	1.513122428E0
1.969696667E1	3.848662938E0	1.509158098E0
1.973028889E1	3.823667737E0	1.515004336E0
1.976362222E1	3.801461337E0	1.510955073E0
1.979694444E1	3.774818466E0	1.506406126E0
1.983027778E1	3.751206259E0	1.520684943E0
1.986360000E1	3.744967393E0	1.524645824E0
1.989694444E1	3.721806646E0	1.521230082E0
1.993025556E1	3.702681895E0	1.530125237E0
1.996357778E1	3.698388308E0	1.526688297E0
1.999692222E1	3.680168341E0	1.505173891E0
2.003024444E1	3.680335392E0	1.522840029E0
2.006357778E1	3.697796285E0	1.527392264E0
2.009690000E1	3.721645275E0	1.525248310E0
2.013023333E1	3.746389268E0	1.524187354E0
2.016356667E1	3.767553702E0	1.521032942E0
2.019688889E1	3.779901664E0	1.519521944E0
2.023022222E1	3.816165881E0	1.520497037E0
2.026355556E1	3.846120290E0	1.521154083E0
2.029687778E1	3.859734084E0	1.518811050E0
2.033020000E1	3.868999429E0	1.519016996E0
2.036353333E1	3.874881206E0	1.519277248E0
2.039685556E1	3.887140764E0	1.514041735E0
2.043018889E1	3.877272179E0	1.516137597E0
2.046351111E1	3.868293110E0	1.516903747E0
2.049684444E1	3.853834302E0	1.510255760E0
2.053016667E1	3.842358265E0	1.515662152E0
2.056350000E1	3.823129228E0	1.522439197E0
2.059683333E1	3.798601245E0	1.519633119E0
2.063014444E1	3.774649998E0	1.522261346E0
2.066348889E1	3.770272807E0	1.531868002E0
2.069681111E1	3.745847725E0	1.522791476E0
2.073013333E1	3.722000503E0	1.523209340E0
2.076345556E1	3.721642224E0	1.524293835E0
2.079680000E1	3.719227480E0	1.524516393E0
2.083012222E1	3.722019398E0	1.524202255E0
2.086344444E1	3.745946754E0	1.524244073E0
2.089676667E1	3.770485598E0	1.524690757E0
2.093010000E1	3.791429177E0	1.523497672E0
2.096343333E1	3.796734318E0	1.522051896E0
2.099675556E1	3.814326076E0	1.516987802E0
2.103007778E1	3.825676940E0	1.521639387E0
2.106341111E1	3.865818883E0	1.523953814E0
2.109674444E1	3.874505638E0	1.519149456E0
2.113007778E1	3.871187891E0	1.518423451E0
2.116340000E1	3.871085543E0	1.519262454E0
2.119673333E1	3.880909542E0	1.520445560E0
2.123006667E1	3.885153392E0	1.516844983E0
2.126338889E1	3.875395225E0	1.512637158E0
2.129671111E1	3.866919001E0	1.522702076E0
2.133004444E1	3.851572456E0	1.519989101E0
2.136337778E1	3.825474993E0	1.513941808E0
2.139671111E1	3.799941112E0	1.522976321E0
2.143002222E1	3.790758590E0	1.521095367E0
2.146335556E1	3.772969553E0	1.517618011E0
2.149668889E1	3.770829254E0	1.521129090E0
2.153001111E1	3.757490168E0	1.520519452E0
2.156333333E1	3.744486336E0	1.503809836E0
2.159666667E1	3.751497680E0	1.521432724E0
2.162998889E1	3.770912007E0	1.525359555E0
2.166333333E1	3.775072373E0	1.514073731E0
2.169665556E1	3.773925790E0	1.517600474E0
2.172998889E1	3.794552877E0	1.522757838E0
2.176332222E1	3.820913000E0	1.519073438E0
2.179664444E1	3.840201997E0	1.512255013E0
2.182995556E1	3.841075040E0	1.520211791E0
2.186330000E1	3.838007390E0	1.515640113E0
2.189663333E1	3.840454546E0	1.516992503E0
2.192995556E1	3.853953709E0	1.521761923E0
2.196327778E1	3.850446420E0	1.528821531E0
2.199661111E1	3.843188478E0	1.541651441E0
2.202993333E1	3.825644594E0	1.543287762E0
2.206326667E1	3.814075236E0	1.530315858E0
2.209658889E1	3.793323801E0	1.530551589E0
2.212991111E1	3.771363237E0	1.537280062E0
2.216325556E1	3.753785703E0	1.529554625E0
2.219657778E1	3.726242211E0	1.528814186E0
2.222991111E1	3.709697048E0	1.534817633E0
2.226323333E1	3.682652017E0	1.518671520E0
2.229656667E1	3.675436195E0	1.524039984E0
2.232988889E1	3.668170772E0	1.539782892E0
2.236321111E1	3.661764514E0	1.530902026E0
2.239654444E1	3.672410050E0	1.529798375E0
2.242987778E1	3.668797291E0	1.550573942E0
2.246321111E1	3.671729996E0	1.554581733E0
2.249653333E1	3.699938829E0	1.553417605E0
2.252985556E1	3.713933766E0	1.554433564E0
2.256318889E1	3.723767041E0	1.550519336E0
2.259652222E1	3.729355149E0	1.561058597E0
2.262984444E1	3.726546616E0	1.561872322E0
2.266317778E1	3.721285230E0	1.550812737E0
2.269650000E1	3.723350949E0	1.563713209E0
2.272983333E1	3.727071133E0	1.569734665E0
2.276315556E1	3.732176004E0	1.553262457E0
2.279647778E1	3.721540825E0	1.556481838E0
2.282981111E1	3.695311707E0	1.554206267E0
2.286314444E1	3.675042035E0	1.550985994E0
2.289646667E1	3.660287307E0	1.561341881E0
2.292980000E1	3.640722415E0	1.559835260E0
2.296313333E1	3.619160155E0	1.557885854E0
2.299645556E1	3.595612862E0	1.568844525E0
2.302977778E1	3.596981717E0	1.565877105E0
2.306311111E1	3.599975040E0	1.572055807E0
2.309643333E1	3.589316764E0	1.578453934E0
2.312976667E1	3.574300994E0	1.580601631E0
2.316308889E1	3.566568224E0	1.583407053E0
2.319642222E1	3.593390980E0	1.580836349E0
2.322975556E1	3.624075301E0	1.579777082E0
2.326308889E1	3.630470323E0	1.579606561E0
2.329640000E1	3.624745634E0	1.578508554E0
2.332974444E1	3.647283141E0	1.577746497E0
2.336306667E1	3.676955706E0	1.580626445E0
2.339640000E1	3.699150842E0	1.578123283E0
2.342972222E1	3.721782109E0	1.577179338E0
2.346305556E1	3.721813004E0	1.583687353E0
2.349637778E1	3.722422869E0	1.575920915E0
2.352970000E1	3.724984925E0	1.576137038E0
2.356303333E1	3.723780598E0	1.576144109E0
2.359636667E1	3.707765348E0	1.572726888E0
2.362970000E1	3.679807708E0	1.576787128E0
2.366302222E1	3.671938904E0	1.575506221E0
2.369634444E1	3.655725349E0	1.574189869E0
2.372967778E1	3.644986295E0	1.568679387E0
2.376301111E1	3.624452411E0	1.576800527E0
2.379633333E1	3.592787623E0	1.574792438E0
2.382965556E1	3.580061305E0	1.563599876E0
2.386297778E1	3.586570834E0	1.560544465E0
2.389632222E1	3.593378028E0	1.557294438E0
2.392964444E1	3.595436331E0	1.549287911E0
2.396297778E1	3.604461542E0	1.555410075E0
2.399630000E1	3.622338186E0	1.553970377E0
2.402963333E1	3.624529070E0	1.547064068E0
2.406295556E1	3.632838225E0	1.555315898E0
2.409627778E1	3.671102125E0	1.552321943E0
2.412961111E1	3.717138205E0	1.548322125E0
2.416294444E1	3.719608654E0	1.551670679E0
2.419627778E1	3.722891073E0	1.551256866E0
2.422960000E1	3.723863692E0	1.547863469E0
2.426293333E1	3.724012306E0	1.551393698E0
2.429625556E1	3.746130860E0	1.555035965E0
2.432958889E1	3.729670697E0	1.550291816E0
2.436292222E1	3.720761294E0	1.545507201E0
2.439625556E1	3.698281595E0	1.548595122E0
2.442956667E1	3.671024570E0	1.548879660E0
2.446288889E1	3.672098279E0	1.549770633E0
2.449621111E1	3.672800191E0	1.554755243E0
2.452954444E1	3.649856576E0	1.554178031E0
2.456287778E1	3.624291422E0	1.545888312E0
2.459620000E1	3.599895763E0	1.563205632E0
2.462952222E1	3.577463548E0	1.556755419E0
2.466286667E1	3.607188534E0	1.551237981E0
2.469618889E1	3.623463072E0	1.557189963E0
2.472952222E1	3.641406881E0	1.554681504E0
2.476285556E1	3.645782788E0	1.556785883E0
2.479617778E1	3.665229501E0	1.557812932E0
2.482951111E1	3.690235149E0	1.551588097E0
2.486282222E1	3.716574135E0	1.558306409E0
2.489615556E1	3.732107527E0	1.579746802E0
2.492947778E1	3.741296976E0	1.574188993E0
2.496281111E1	3.769552353E0	1.573239143E0
2.499614444E1	3.794272514E0	1.574295192E0
2.502946667E1	3.796728450E0	1.567255190E0
2.506280000E1	3.793636932E0	1.570332012E0
2.509613333E1	3.795412665E0	1.570826027E0
2.512945556E1	3.789246011E0	1.554879673E0
2.516278889E1	3.771676227E0	1.549432818E0
2.519611111E1	3.744838700E0	1.558577386E0
2.522943333E1	3.727050603E0	1.555257671E0
2.526276667E1	3.748962215E0	1.553272409E0
2.529610000E1	3.723734978E0	1.554013513E0
2.532942222E1	3.680732564E0	1.553464420E0
2.536274444E1	3.671356410E0	1.553436734E0
2.539607778E1	3.677505505E0	1.553355598E0
2.542941111E1	3.700975335E0	1.552401205E0
2.546273333E1	3.718804416E0	1.572740013E0
2.549606667E1	3.723573512E0	1.583584916E0
2.552940000E1	3.730613804E0	1.581341029E0
2.556272222E1	3.727318454E0	1.575262512E0
2.559606667E1	3.741611857E0	1.571551409E0
2.562937778E1	3.774527034E0	1.569804070E0
2.566272222E1	3.805647578E0	1.568055485E0
2.569603333E1	3.814191233E0	1.571902149E0
2.572936667E1	3.819687646E0	1.571418426E0
2.576270000E1	3.823744469E0	1.568862439E0
2.579602222E1	3.843258179E0	1.564725947E0
2.582934444E1	3.861136756E0	1.544214757E0
2.586267778E1	3.848856345E0	1.542349206E0
2.589601111E1	3.831241323E0	1.548928522E0
2.592933333E1	3.822747487E0	1.547281990E0
2.596265556E1	3.819509131E0	1.546939680E0
2.599598889E1	3.821953524E0	1.569654489E0
2.602932222E1	3.801093925E0	1.578769739E0
2.606265556E1	3.778079178E0	1.577507398E0
2.609596667E1	3.773191636E0	1.591283181E0
2.612931111E1	3.738139935E0	1.596911643E0
2.616262222E1	3.723654778E0	1.598769837E0
2.619595556E1	3.705310356E0	1.601842911E0
2.622928889E1	3.708053105E0	1.602636038E0
2.626262222E1	3.725628475E0	1.600499654E0
2.629594444E1	3.746983205E0	1.603385008E0
2.632927778E1	3.750529358E0	1.602506989E0
2.636260000E1	3.774720250E0	1.595874683E0
2.639593333E1	3.775232154E0	1.610874374E0
2.642927778E1	3.775284231E0	1.603329329E0
2.646258889E1	3.799612935E0	1.599462390E0
2.649591111E1	3.827222869E0	1.619455426E0
2.652924444E1	3.848050139E0	1.618436836E0
2.656257778E1	3.849796580E0	1.620355094E0
2.659590000E1	3.828134673E0	1.621152622E0
2.662922222E1	3.825951483E0	1.619357158E0
2.666255556E1	3.824498291E0	1.621287203E0
2.669588889E1	3.824816056E0	1.620609500E0
2.672921111E1	3.825462641E0	1.615898701E0
2.676253333E1	3.828302989E0	1.622729428E0
2.679586667E1	3.827494416E0	1.626244891E0
2.682920000E1	3.806473148E0	1.642718332E0
2.686253333E1	3.779841271E0	1.639812718E0
2.689584444E1	3.771350418E0	1.646443264E0
2.692917778E1	3.753981731E0	1.651167677E0
2.696251111E1	3.765606160E0	1.647349485E0
2.699583333E1	3.776358950E0	1.650326884E0
2.702916667E1	3.776911275E0	1.648121932E0
2.706248889E1	3.769330253E0	1.649495672E0
2.709582222E1	3.776290371E0	1.651139339E0
2.712914444E1	3.822222795E0	1.648931675E0
2.716247778E1	3.853517098E0	1.647215586E0
2.719580000E1	3.856333353E0	1.646224673E0
2.722913333E1	3.851043398E0	1.638965849E0
2.726246667E1	3.850197258E0	1.623417876E0
2.729577778E1	3.861693741E0	1.620528358E0
2.732912222E1	3.898406616E0	1.618143031E0
2.736244444E1	3.909352102E0	1.617379288E0
2.739577778E1	3.893810328E0	1.614578585E0
2.742910000E1	3.896420363E0	1.618327746E0
2.746243333E1	3.895149302E0	1.615994307E0
2.749575556E1	3.879825280E0	1.612513305E0
2.752908889E1	3.895727824E0	1.617714555E0
2.756241111E1	3.887141151E0	1.625169826E0
2.759574444E1	3.862025155E0	1.622019399E0
2.762907778E1	3.861574165E0	1.620444558E0
2.766240000E1	3.828934193E0	1.613694769E0
2.769573333E1	3.827115803E0	1.611650898E0
2.772905556E1	3.833967037E0	1.608063396E0
2.776237778E1	3.816111417E0	1.612880178E0
2.779570000E1	3.824802935E0	1.620713184E0
2.782904444E1	3.850280054E0	1.620531835E0
2.786238889E1	3.850458489E0	1.621248261E0
2.789571111E1	3.851445003E0	1.620023776E0
2.792903333E1	3.870040128E0	1.617792570E0
2.796235556E1	3.886592882E0	1.621264731E0
2.799568889E1	3.898620537E0	1.618954158E0
2.802901111E1	3.908780223E0	1.610764268E0
2.806234444E1	3.905477807E0	1.601980983E0
2.809566667E1	3.909703276E0	1.612265926E0
2.812900000E1	3.942839108E0	1.614742309E0
2.816232222E1	3.969135048E0	1.607488091E0
2.819565556E1	3.949680026E0	1.610689886E0
2.822897778E1	3.905311011E0	1.606196205E0
2.826231111E1	3.880601737E0	1.601249537E0
2.829564444E1	3.898520421E0	1.595111610E0
2.832896667E1	3.898529453E0	1.594120152E0
2.836228889E1	3.877637842E0	1.592449233E0
2.839562222E1	3.851253157E0	1.594870915E0
2.842894444E1	3.829579903E0	1.595981790E0
2.846227778E1	3.836980828E0	1.598588129E0
2.849560000E1	3.833710201E0	1.610575556E0
2.852893333E1	3.826481202E0	1.606863181E0
2.856226667E1	3.824408237E0	1.612250513E0
2.859558889E1	3.825360823E0	1.619606568E0
2.862892222E1	3.849762382E0	1.619219712E0
2.866224444E1	3.871413710E0	1.614355167E0
2.869556667E1	3.878135001E0	1.616282106E0
2.872890000E1	3.896701346E0	1.614471787E0
2.876223333E1	3.899610846E0	1.597743881E0
2.879556667E1	3.898561634E0	1.595292247E0
2.882888889E1	3.900536203E0	1.599527265E0
2.886222222E1	3.922522566E0	1.609518771E0
2.889554444E1	3.969506977E0	1.612908900E0
2.892886667E1	3.974157887E0	1.614344610E0
2.896218889E1	3.950772537E0	1.614814958E0
2.899553333E1	3.940117003E0	1.596075464E0
2.902885556E1	3.922948708E0	1.595247314E0
2.906218889E1	3.911040016E0	1.614402190E0
2.909552222E1	3.924260450E0	1.615706696E0
2.912884444E1	3.902425745E0	1.606971998E0
2.916216667E1	3.877858093E0	1.616231552E0
2.919550000E1	3.853023794E0	1.625525895E0
2.922883333E1	3.849503055E0	1.619480474E0
2.926215556E1	3.858995398E0	1.623261584E0
2.929547778E1	3.857604187E0	1.630803609E0
2.932881111E1	3.850134306E0	1.621698744E0
2.936213333E1	3.847495915E0	1.621043017E0
2.939547778E1	3.851870659E0	1.618375899E0
2.942878889E1	3.859096439E0	1.618086729E0
2.946211111E1	3.875540672E0	1.622000504E0
2.949544444E1	3.896483798E0	1.619607941E0
2.952876667E1	3.899208543E0	1.619165814E0
2.956210000E1	3.900860264E0	1.618706268E0
2.959543333E1	3.918592583E0	1.617017580E0
2.962876667E1	3.948921855E0	1.616282848E0
2.966208889E1	3.950958900E0	1.616569959E0
2.969541111E1	3.946868049E0	1.615385955E0
2.972874444E1	3.945724155E0	1.614931589E0
2.976206667E1	3.930305839E0	1.600528301E0
2.979540000E1	3.921446152E0	1.591913848E0
2.982873333E1	3.923384192E0	1.604375630E0
2.986205556E1	3.917960256E0	1.598573547E0
2.989538889E1	3.897693717E0	1.590361202E0
2.992872222E1	3.892114111E0	1.593177954E0
2.996204444E1	3.874048440E0	1.599211458E0
2.999536667E1	3.874336771E0	1.596866762E0
3.002870000E1	3.874899865E0	1.605075085E0
3.006202222E1	3.864423988E0	1.600085798E0
3.009535556E1	3.865202830E0	1.594625894E0
3.012867778E1	3.850923988E0	1.595643438E0
3.016201111E1	3.850202967E0	1.599529331E0
3.019534444E1	3.872495126E0	1.593463790E0
3.022866667E1	3.878654854E0	1.592027001E0
3.026200000E1	3.896549834E0	1.593646706E0
3.029533333E1	3.903517855E0	1.591474641E0
3.032866667E1	3.920233726E0	1.588777188E0
3.036197778E1	3.924339217E0	1.594446714E0
3.039531111E1	3.940037176E0	1.587742938E0
3.042864444E1	3.949372090E0	1.588536053E0
3.046197778E1	3.971069187E0	1.587812302E0
3.049530000E1	3.970606795E0	1.566241681E0
3.052862222E1	3.946110642E0	1.562717786E0
3.056195556E1	3.923448077E0	1.564498945E0
3.059528889E1	3.925368121E0	1.561496612E0
3.062860000E1	3.923445044E0	1.544503053E0
3.066194444E1	3.900185389E0	1.544600831E0
3.069526667E1	3.872828478E0	1.544488798E0
3.072860000E1	3.869890235E0	1.541935725E0
3.076191111E1	3.870836711E0	1.544668073E0
3.079525556E1	3.870971763E0	1.548125066E0
3.082858889E1	3.850801419E0	1.546334053E0
3.086191111E1	3.829842560E0	1.547212577E0
3.089523333E1	3.820387442E0	1.548607821E0
3.092856667E1	3.844137259E0	1.550059339E0
3.096188889E1	3.866260293E0	1.557573243E0
3.099522222E1	3.869024894E0	1.549340309E0
3.102855556E1	3.863874172E0	1.542748123E0
3.106187778E1	3.871274698E0	1.546357809E0
3.109520000E1	3.877697989E0	1.546233858E0
3.112853333E1	3.877061557E0	1.544384192E0
3.116186667E1	3.890520346E0	1.548014447E0
3.119518889E1	3.897858625E0	1.543558736E0
3.122852222E1	3.898254390E0	1.542985637E0
3.126184444E1	3.900444443E0	1.545933379E0
3.129516667E1	3.900033158E0	1.535455462E0
3.132850000E1	3.915962963E0	1.538241859E0
3.136183333E1	3.917305288E0	1.546790627E0
3.139516667E1	3.896568629E0	1.546361707E0
3.142848889E1	3.896798169E0	1.541709001E0
3.146182222E1	3.893993249E0	1.548507801E0
3.149514444E1	3.883855589E0	1.549527663E0
3.152847778E1	3.873186396E0	1.550999843E0
3.156182222E1	3.848390629E0	1.558450774E0
3.159513333E1	3.845013639E0	1.548417394E0
3.162845556E1	3.844340498E0	1.546214414E0
3.166178889E1	3.846959970E0	1.546520337E0
3.169510000E1	3.850075011E0	1.546010389E0
3.172844444E1	3.854119661E0	1.545629886E0
3.176176667E1	3.846785895E0	1.544029065E0
3.179510000E1	3.829034403E0	1.542543503E0
3.182842222E1	3.825828294E0	1.544257956E0
3.186174444E1	3.845622492E0	1.543370877E0
3.189507778E1	3.871749029E0	1.543498805E0
3.192841111E1	3.895820952E0	1.544460421E0
3.196173333E1	3.893223518E0	1.543895107E0
3.199505556E1	3.896930984E0	1.543538095E0
3.202838889E1	3.915334399E0	1.541587982E0
3.206172222E1	3.917008488E0	1.538908884E0
3.209504444E1	3.912044532E0	1.545055444E0
3.212836667E1	3.907664929E0	1.543947723E0
3.216171111E1	3.916503982E0	1.542471776E0
3.219503333E1	3.902891500E0	1.548265265E0
3.222835556E1	3.891885979E0	1.545325393E0
3.226168889E1	3.871415774E0	1.544774848E0
3.229502222E1	3.871461356E0	1.544626063E0
3.232834444E1	3.869298531E0	1.541312467E0
3.236167778E1	3.852166327E0	1.543186597E0
3.239500000E1	3.855326521E0	1.544931044E0
3.242833333E1	3.850455937E0	1.545766463E0
3.246165556E1	3.836611806E0	1.545015147E0
3.249498889E1	3.825391363E0	1.546123006E0
3.252832222E1	3.845832612E0	1.545059325E0
3.256164444E1	3.867834542E0	1.537130089E0
3.259496667E1	3.878974950E0	1.539453062E0
3.262828889E1	3.890735918E0	1.545093200E0
3.266162222E1	3.893135865E0	1.534353347E0
3.269496667E1	3.889058372E0	1.537282268E0
3.272828889E1	3.898048134E0	1.544420571E0
3.276161111E1	3.943796915E0	1.541883210E0
3.279494444E1	3.968806215E0	1.546884584E0
3.282827778E1	3.947980596E0	1.543507709E0
3.286160000E1	3.922663491E0	1.540621519E0
3.289493333E1	3.920205829E0	1.541073770E0
3.292825556E1	3.924774443E0	1.544271321E0
3.296160000E1	3.940505413E0	1.542419639E0
3.299491111E1	3.938688534E0	1.540574034E0
3.302823333E1	3.899939104E0	1.537039252E0
3.306156667E1	3.865820712E0	1.522165464E0
3.309490000E1	3.875117290E0	1.527413108E0
3.312822222E1	3.891733549E0	1.523867539E0
3.316154444E1	3.884660247E0	1.521556666E0
3.319487778E1	3.869693038E0	1.521336744E0
3.322821111E1	3.845847958E0	1.519453483E0
3.326153333E1	3.863348280E0	1.521840249E0
3.329486667E1	3.896999317E0	1.536942405E0
3.332820000E1	3.899062119E0	1.539472202E0
3.336152222E1	3.893876700E0	1.537447880E0
3.339485556E1	3.898194975E0	1.542462761E0
3.342817778E1	3.919764068E0	1.541605271E0
3.346151111E1	3.944639216E0	1.537449072E0
3.349484444E1	3.950704058E0	1.541753481E0
3.352816667E1	3.946372376E0	1.544521908E0
3.356150000E1	3.955591972E0	1.553259610E0
3.359482222E1	3.971612211E0	1.557938951E0
3.362814444E1	3.954976495E0	1.561398777E0
3.366147778E1	3.947185396E0	1.552166017E0
3.369481111E1	3.942721336E0	1.541765059E0
3.372813333E1	3.922879754E0	1.542998557E0
3.376146667E1	3.916314084E0	1.542087555E0
3.379478889E1	3.919480105E0	1.539788451E0
3.382811111E1	3.918620631E0	1.540858009E0
3.386144444E1	3.915026475E0	1.545155402E0
3.389477778E1	3.897364202E0	1.546728266E0
3.392810000E1	3.875731281E0	1.541295938E0
3.396143333E1	3.869091811E0	1.548389266E0
3.399475556E1	3.880946583E0	1.561742613E0
3.402808889E1	3.899897005E0	1.552503968E0
3.406141111E1	3.892192108E0	1.548731066E0
3.409474444E1	3.898452510E0	1.565179597E0
3.412807778E1	3.913305679E0	1.566343825E0
3.416140000E1	3.919253204E0	1.569807745E0
3.419472222E1	3.937886840E0	1.566842924E0
3.422805556E1	3.945299308E0	1.563625633E0
3.426137778E1	3.948138391E0	1.561490300E0
3.429471111E1	3.974030388E0	1.562803939E0
3.432804444E1	3.976054083E0	1.568184253E0
3.436136667E1	3.975547526E0	1.584745269E0
3.439468889E1	3.993277677E0	1.566691419E0
3.442803333E1	3.981607885E0	1.559509436E0
3.446135556E1	3.970212522E0	1.561188557E0
3.449467778E1	3.971803106E0	1.564184724E0
3.452801111E1	3.954712535E0	1.564066783E0
3.456133333E1	3.950316409E0	1.563971768E0
3.459466667E1	3.947009475E0	1.565397357E0
3.462798889E1	3.942807567E0	1.565317889E0
3.466132222E1	3.924080224E0	1.563855061E0
3.469464444E1	3.896928412E0	1.555839484E0
3.472797778E1	3.873905358E0	1.547393045E0
3.476130000E1	3.896007004E0	1.545293849E0
3.479463333E1	3.896437026E0	1.545196831E0
3.482795556E1	3.896589485E0	1.541809109E0
3.486128889E1	3.878385383E0	1.543517174E0
3.489461111E1	3.882528063E0	1.556121342E0
3.492794444E1	3.900417664E0	1.550245835E0
3.496126667E1	3.920336010E0	1.544919031E0
3.499461111E1	3.945247340E0	1.558373883E0
3.502792222E1	3.955459603E0	1.561915223E0
3.506125556E1	3.966784817E0	1.561207588E0
3.509458889E1	3.971517915E0	1.562548142E0
3.512793333E1	3.972373488E0	1.565728182E0
3.516123333E1	3.997274686E0	1.564189599E0
3.519457778E1	4.019802800E0	1.562876708E0
3.522791111E1	3.990807505E0	1.559610751E0
3.526122222E1	3.968948095E0	1.561920711E0
3.529455556E1	3.974004606E0	1.562390989E0
3.532788889E1	3.983024051E0	1.561442841E0
3.536123333E1	3.974165355E0	1.561446197E0
3.539454444E1	3.953274536E0	1.563634359E0
3.542786667E1	3.945137858E0	1.563821022E0
3.546120000E1	3.946466395E0	1.567669499E0
3.549452222E1	3.925763888E0	1.586605616E0
3.552786667E1	3.940665570E0	1.571850593E0
3.556117778E1	3.926262386E0	1.585594889E0
3.559451111E1	3.925797835E0	1.587844083E0
3.562783333E1	3.946385774E0	1.588255431E0
3.566116667E1	3.946765840E0	1.591130519E0
3.569450000E1	3.947008013E0	1.591119385E0
3.572782222E1	3.947876823E0	1.594276997E0
3.576115556E1	3.948583444E0	1.591346891E0
3.579448889E1	3.948081966E0	1.589218724E0
3.582781111E1	3.948456597E0	1.591783194E0
3.586113333E1	3.947770763E0	1.612095901E0
3.589445556E1	3.923952481E0	1.612761868E0
3.592780000E1	3.912555020E0	1.608664265E0
3.596113333E1	3.920104169E0	1.611466794E0
3.599445556E1	3.948325404E0	1.614228817E0
3.602776667E1	3.944613321E0	1.617264833E0
3.606110000E1	3.902340041E0	1.618973618E0
