mass_A
t	x
0.0	-1.7763568394002505E-15
0.033355555555555555	-0.29765273538919246
0.06671111111111111	-0.5858176236231536
0.10006666666666666	-0.741017416293472
0.13341111111111112	-0.8382164653489781
0.16676666666666667	-0.793725050969698
0.20012222222222223	-0.7599164767694901
0.23347777777777778	-0.6018850802089801
0.26682222222222224	-0.22331774681878258
0.30017777777777777	0.13282017114281253
0.33353333333333335	0.42461388698867353
0.36688888888888893	0.7142318820657412
0.40024444444444446	1.0981112492471041
0.4335888888888889	1.4312737984743844
0.46694444444444444	1.6690444270883305
0.5003111111111112	1.8189066663990623
0.5336666666666667	1.8746039966436197
0.5670111111111111	1.8376486290123744
0.6003666666666667	1.7311573949625991
0.6337222222222223	1.5577502444687656
0.6670777777777778	1.332127493100943
0.7004222222222223	1.0260859571198182
0.7337777777777779	0.6787883965666346
0.7671333333333333	0.3345978737315978
0.8004888888888889	0.019349857171601315
0.8338444444444445	-0.2745490925876428
0.8671888888888889	-0.5067112990394431
0.9005444444444445	-0.6422501518717052
0.9339000000000001	-0.7010785149427647
0.9672444444444445	-0.6866776237974221
1.0006000000000002	-0.5775028450944539
1.0339555555555555	-0.410525397192373
1.067311111111111	-0.15659501301266765
1.1006555555555555	0.1224684341187281
1.134011111111111	0.43419884514386986
1.1673666666666667	0.7005233169183374
1.2007222222222222	1.0098271935285954
1.2340666666666666	1.2801678972723263
1.2674222222222222	1.458603943700103
1.300788888888889	1.577927553093879
1.3341333333333334	1.6117564654550485
1.367488888888889	1.5889559753770932
1.4008333333333334	1.4853042136626655
1.4342000000000001	1.3110540033825426
1.4675444444444445	1.071731759178082
1.5009000000000001	0.8216378094427981
1.5342555555555557	0.5315460630864539
1.5676111111111113	0.24245174803265712
1.6009555555555557	-0.015138733368008417
1.6343	-0.247630234266337
1.6676666666666669	-0.42925183902797137
1.7010222222222222	-0.5125616020069295
1.7343777777777778	-0.5287196777031227
1.7677222222222224	-0.4952225375005401
1.8010666666666668	-0.38519176490489215
1.8344333333333334	-0.20824746831262786
1.867788888888889	0.01301221776364514
1.9011333333333333	0.27130133285455926
1.934477777777778	0.5354123626865324
1.9678444444444445	0.7944484248775545
2.001188888888889	1.0399442823709997
2.0345444444444447	1.2216853082948163
2.067888888888889	1.3667550306558613
2.101255555555556	1.4379569180709098
2.1346000000000003	1.4471363800197459
2.1679444444444447	1.402076465512204
2.201311111111111	1.2904309985278495
2.234655555555556	1.0937890289313241
2.2680111111111114	0.8712802496242027
2.301355555555556	0.6193278543757899
2.3347333333333333	0.3457454081386633
2.3680777777777777	0.08690190219658511
2.4014333333333333	-0.13836739677188703
2.4347777777777777	-0.32803624620733096
2.4681444444444445	-0.45055151760017687
2.501488888888889	-0.4877991069699288
2.5348444444444445	-0.4839896371055836
2.5682	-0.41559124607480413
2.6015555555555556	-0.27911681241698183
2.6349	-0.06129363735967708
2.6682555555555556	0.16509691542471927
2.7016	0.3994695634578882
2.7349555555555556	0.6233905366414358
2.768311111111111	0.8618598509456241
2.8016666666666667	1.0674183597168732
2.8350222222222223	1.2346035745057407
2.8683666666666667	1.3394473352673089
2.9017222222222223	1.3852604683769982
2.935077777777778	1.3780510272811473
2.9684333333333335	1.3017122463426958
3.001777777777778	1.1684039869484746
3.0351333333333335	0.9658125965385427
3.068488888888889	0.7517043510341441
3.1018333333333334	0.5101007738010868
3.135188888888889	0.2526148984758638
3.1685444444444446	-0.008738939028791748
3.2019	-0.2119974522077257
3.2352444444444446	-0.37064755607954325
3.2686	-0.4710557806382276
3.3019555555555558	-0.5121399111226506
3.3353222222222225	-0.4854218691862915
3.3686555555555557	-0.3941063287045985
3.4020111111111113	-0.24923818732682967
3.435366666666667	-0.0627159930579797
3.4687222222222225	0.19233969927271133
3.502066666666667	0.42662991088091573
3.5354222222222225	0.6420753409423909
3.568777777777778	0.8554076705770282
3.6021333333333336	1.0427380401561201
3.635488888888889	1.1799440717647514
3.668844444444445	1.293411548248514
3.7022000000000004	1.3202373029034842
3.735544444444445	1.2949429073546685
3.7689000000000004	1.2274752254569155
3.8022444444444448	1.0934340351493326
3.8356111111111106	0.9179664490243997
3.8689666666666667	0.7113479277847343
3.9023111111111115	0.4866263829850208
3.9356666666666666	0.25687474312401015
3.9690222222222222	0.019509631825608054
4.002377777777778	-0.16304422506573601
4.035722222222223	-0.2957599654403147
4.069077777777778	-0.3748417364723622
4.102433333333334	-0.3959771515514454
4.135788888888889	-0.373060696060314
4.169133333333334	-0.28422521833184966
4.202477777777778	-0.14587044003799754
4.235844444444445	0.03231773010151073
4.2692000000000005	0.24027941319392987
4.302544444444445	0.4344663879227788
4.3359000000000005	0.6289022501948445
4.369255555555556	0.8241576015499508
4.402611111111112	0.9731035678815463
4.435955555555556	1.0900682252308744
4.469311111111112	1.178019036418604
4.502666666666667	1.1941706747964052
4.536022222222223	1.1676399721747206
4.569366666666666	1.0930459630482439
4.602722222222223	0.968198470283177
4.636077777777778	0.8033654025115151
4.669433333333334	0.618074470543144
4.702777777777778	0.41549038832076235
4.736133333333334	0.22520478081742645
4.7694888888888896	0.05384237806752168
4.802844444444444	-0.09519585057842761
4.8361888888888895	-0.19798795595119323
4.869544444444445	-0.2498025940714026
4.9029	-0.2634290152642951
4.936255555555555	-0.2438546089044742
4.969611111111111	-0.15934803618188198
5.002955555555555	-0.020592223268360854
5.036311111111111	0.152788427368721
5.0696666666666665	0.33256374147270407
5.103011111111111	0.5029038543773616
5.136377777777778	0.6675573147015026
5.169722222222222	0.8187919612989774
5.203077777777778	0.9362274225284803
5.236422222222222	1.0195514742256666
5.269777777777778	1.0555446271766282
5.303133333333333	1.0363772136422895
5.3364777777777785	0.9926199628980772
5.369833333333333	0.9105545576516025
5.4032	0.77474660595594
5.436544444444444	0.6121825183285861
5.4699	0.43054166174267294
5.503244444444444	0.24803503301211016
5.5366	0.10461556777548431
5.569944444444444	-0.04285896884749896
5.6033	-0.1542355227816241
5.6366555555555555	-0.21881103365694443
5.670011111111111	-0.23404653947184073
5.703366666666667	-0.21361978110641822
5.736722222222222	-0.15519377631237852
5.770066666666667	-0.04013534741415725
5.803422222222222	0.10500816714022321
5.836788888888889	0.2515287813138709
5.870133333333333	0.4262164629087266
5.903488888888889	0.5914736434994783
5.936833333333333	0.7458144788749017
5.970188888888889	0.8631528121727197
6.003555555555556	0.9626965647781223
6.036888888888889	1.0224816206332683
6.0702444444444446	1.0329617726031373
6.1036	1.0132347951916625
6.136955555555556	0.948444200190778
6.170311111111111	0.8416946285496714
6.203666666666667	0.7042243038051144
6.2370222222222225	0.5356214579987721
6.270377777777778	0.35094436021808484
6.3037222222222224	0.17085719806850008
6.337077777777778	0.024652658045356546
6.370422222222222	-0.11422179368005736
6.403788888888889	-0.21179230097998314
6.437133333333334	-0.26440745645168384
6.470488888888889	-0.2574461502848493
6.503844444444445	-0.2256237202650322
6.537188888888889	-0.14432163372408802
6.570544444444445	-0.024838365486953506
6.603888888888888	0.12680010794853125
6.637255555555556	0.29205624406533737
6.6706111111111115	0.450771364196374
6.703955555555556	0.6112440130911363
6.7373111111111115	0.7542382954490048
6.770666666666667	0.8802104837918545
6.804022222222223	0.9404851099433191
6.837377777777778	0.981804284866552
6.870722222222223	0.9841095363665247
6.904077777777778	0.9578609244439864
6.937433333333334	0.8727234480040895
6.970777777777778	0.7638777048889658
7.004133333333334	0.6250806089444474
7.037488888888889	0.46985083904253067
7.070844444444445	0.3008598792435091
7.10418888888889	0.14387624856152392
7.137544444444445	0.0021696739980683333
7.1709000000000005	-0.12240984688521905
7.204255555555556	-0.20847980003442856
7.237611111111112	-0.25510100456979856
7.270955555555556	-0.26657199285302546
7.304311111111112	-0.21362966796253247
7.337666666666667	-0.13843209356210728
7.371022222222223	-0.02791987339353419
7.404366666666667	0.12720273548682393
7.437722222222223	0.27528609554166295
7.471077777777778	0.42044840352837376
7.504422222222223	0.5851546247184434
7.5377888888888895	0.7133496753210657
7.571133333333334	0.8137244671661357
7.6044888888888895	0.8822132394709499
7.637833333333334	0.9102996430893366
7.671200000000001	0.9140027767125876
7.704544444444445	0.8811440865916786
7.737900000000001	0.8146883134696736
7.771255555555556	0.7096338392024606
7.804611111111112	0.5610614536607219
7.837955555555556	0.4226974653691524
7.871311111111112	0.27592700934213
7.904666666666667	0.11568764651827124
7.938011111111112	-7.147217379923632E-4
7.971366666666667	-0.09428280911633635
8.004733333333334	-0.17883539979344398
8.038077777777778	-0.1981735083525411
8.071422222222223	-0.20048795007395448
8.104777777777779	-0.15915850537147946
8.138133333333334	-0.07553236051252021
8.171477777777778	0.04510484671028614
8.204833333333333	0.16825352867294185
8.2382	0.30752581414172653
8.271555555555556	0.42781327853980144
8.3049	0.5710725759140445
8.338255555555556	0.6738854762312219
8.371611111111111	0.7413412865739755
8.404966666666667	0.8052471795631888
8.438311111111112	0.8140756183244751
8.471655555555555	0.7996285032080799
8.505022222222223	0.7614646513231005
8.538377777777779	0.6808931025361105
8.571722222222222	0.5816047268267894
8.605077777777778	0.45383055120019833
8.638422222222223	0.3155603934315092
8.671777777777779	0.18270123638527735
8.705133333333334	0.0663138698508039
8.73848888888889	-0.027127811555535786
8.771844444444445	-0.09788076791456568
8.805200000000001	-0.15688679634971514
8.838555555555557	-0.15652037578692024
8.8719	-0.1213206591044127
8.905255555555556	-0.06291099231587438
8.938611111111111	0.04019312087174676
8.971955555555557	0.1444509038103554
9.005311111111112	0.27490099508001187
9.038666666666668	0.3995878642882129
9.072022222222223	0.5158329761123
9.105366666666667	0.6103098220380012
9.138722222222222	0.6914365831693203
9.172077777777778	0.7486932727234645
9.205422222222223	0.7691478527246254
9.23878888888889	0.7600551850962027
9.272144444444445	0.7419561254053413
9.3055	0.6779431172214743
9.338844444444446	0.5807707572649718
9.37218888888889	0.47805095019624133
9.405544444444443	0.33582222104961623
9.4389	0.21168658152408248
9.472255555555556	0.0852096516237264
9.505600000000001	-0.01828369397546581
9.538955555555557	-0.08772427355911994
9.572322222222223	-0.14346890299156456
9.605666666666668	-0.16519574039874207
9.639022222222223	-0.15619159002499217
9.672366666666667	-0.1097336072760502
9.705722222222223	-0.022845329931772795
9.739077777777778	0.0887031150951163
9.772422222222223	0.21935518582584201
9.80578888888889	0.33529610090238826
9.839144444444445	0.4625792100547983
9.8725	0.5846783068359347
9.905833333333334	0.6775426645321545
9.93918888888889	0.759655019936476
9.972555555555555	0.800187817438319
10.00591111111111	0.816102766371543
10.039255555555556	0.8066120182654277
10.072611111111112	0.7560913342710815
10.105955555555557	0.6823320406475908
10.13931111111111	0.585467953443306
10.172666666666666	0.46339466025686527
10.206011111111112	0.33011278407112776
10.239377777777777	0.19472967569495303
10.272733333333333	0.07651936924707847
10.306077777777778	-0.021002787571887893
10.339433333333334	-0.10040430627606867
10.37278888888889	-0.13573598683654708
10.406144444444447	-0.16193032842284794
10.439488888888889	-0.13296325227644346
10.472833333333334	-0.07686296120571257
10.5062	0.003013574401235175
10.539555555555555	0.1190261214305508
10.572888888888889	0.2330018013088484
10.606255555555556	0.3566261808456872
10.639611111111112	0.4745632357151184
10.672966666666667	0.5840009825059607
10.706311111111111	0.6781798637668999
10.739666666666666	0.7540815932597447
10.773022222222222	0.7950231240529355
10.806377777777778	0.7994275547439216
10.839722222222223	0.79463239627575
10.873066666666666	0.7571964404736597
10.906433333333334	0.670115231163523
10.93978888888889	0.5817871173074334
10.973133333333333	0.4530782130583173
11.006488888888889	0.33760854241407934
11.039855555555556	0.20013188662900028
11.0732	0.10528032284030253
11.106544444444445	0.01818943153788588
11.1399	-0.04816157684625644
11.173255555555555	-0.082557368719538
11.206611111111112	-0.10042720781689596
11.239966666666668	-0.0867874175899388
11.2733	-0.04281854781202554
11.306666666666667	0.05352022763907627
11.340022222222222	0.14495476476180968
11.373366666666668	0.2704049592294453
11.406722222222223	0.37131568007037963
11.440077777777779	0.4832700378501311
11.473444444444445	0.566016135684734
11.50678888888889	0.6278345174339481
11.540144444444445	0.6965127806666942
11.573488888888889	0.7132836596157848
11.606844444444445	0.7072350740062632
11.64018888888889	0.6887177670556959
11.673544444444445	0.6443465374073867
11.706900000000001	0.5682032095890506
11.740244444444444	0.47494303646264413
11.7736	0.37347640327048737
11.806966666666668	0.2716957153838919
11.84048888888889	0.1557128532353893
11.873666666666667	0.08115419261251766
11.907011111111112	-0.0018519546899007366
11.940366666666666	-0.03893373704725889
11.973733333333334	-0.06440830933135011
12.007077777777779	-0.052666841997254465
12.040433333333334	-0.012017810122941341
12.07378888888889	0.04795512735636187
12.107133333333334	0.1277144165527364
12.140488888888889	0.22156618807275663
12.173833333333334	0.3230373581822281
12.2072	0.4199963009449714
12.240555555555556	0.5025880557788103
12.273911111111111	0.5739985901212172
12.307255555555557	0.6286165887692441
12.340611111111112	0.6713137276657939
12.373966666666668	0.6628654934690879
12.407311111111111	0.6527452403471283
12.440666666666669	0.6106498398894669
12.474022222222223	0.5507893926167515
12.507377777777778	0.4573260677977746
12.540733333333334	0.36578916707333775
12.574066666666667	0.26093083235946146
12.607433333333335	0.1584276094881769
12.640777777777778	0.06390499344530376
12.674133333333334	-0.006494564401068104
12.70748888888889	-0.05498720545689828
12.740844444444445	-0.07208489000421103
12.7742	-0.06113345796862113
12.807544444444446	-0.043339282173837645
12.840900000000001	5.045327168442526E-4
12.874255555555557	0.07601672127714387
12.907611111111112	0.1595993157042539
12.940966666666666	0.26805345121127644
12.974322222222224	0.3632715028215934
13.007666666666667	0.4592271963569843
13.041022222222223	0.5302428517748474
13.074377777777778	0.5991600512773818
13.107722222222224	0.6414377754272262
13.14107777777778	0.6596286381327481
13.174433333333335	0.6536006468828877
13.20778888888889	0.6344478309138939
13.241144444444446	0.592942903591041
13.27448888888889	0.5140665889920335
13.307855555555555	0.4109122020729217
13.3412	0.30614880257252786
13.374555555555556	0.2109634133772822
13.407900000000001	0.10680190270747758
13.441266666666667	0.02301241098942164
13.47461111111111	-0.05150122649640565
13.507955555555556	-0.09204638178443858
13.541322222222222	-0.11397711711052416
13.574677777777778	-0.10139978320543719
13.608022222222223	-0.06974228137817207
13.641377777777778	-0.008875881432802046
13.674722222222222	0.06559915027476393
13.70808888888889	0.15888838265247784
13.741433333333333	0.2669106880193368
13.774777777777778	0.37234953874640375
13.808144444444444	0.46429442857746395
13.8415	0.5360662925155264
13.874855555555555	0.5994459831352508
13.908188888888889	0.6408203109663546
13.941555555555556	0.6495223240559902
13.974911111111112	0.6485196803469968
14.008255555555555	0.6108658077571363
14.0416	0.5623285401549101
14.074955555555556	0.47499652932291525
14.108311111111112	0.38961192728673844
14.141666666666667	0.28499424153221575
14.175022222222223	0.18737753848851568
14.20837777777778	0.09492088390598141
14.241733333333334	0.012986230033511958
14.27508888888889	-0.04989263050022963
14.308433333333333	-0.09356311445964494
14.341788888888889	-0.10967469269576036
14.375144444444445	-0.09568822945329991
14.4085	-0.06260909793807201
14.441844444444445	0.003952434227633361
14.47518888888889	0.07163999260010634
14.508555555555557	0.1668582982147857
14.541911111111112	0.25872924154844945
14.575255555555556	0.36422125806872785
14.608611111111111	0.4336771201114473
14.641966666666667	0.4930242605671129
14.675311111111112	0.5384507164200762
14.708666666666668	0.5616982629270382
14.742022222222223	0.5598120076674746
14.775377777777779	0.5441927630430197
14.808733333333334	0.5265740970149562
14.842077777777778	0.48209374494322255
14.875422222222223	0.38908738765691453
14.908788888888889	0.3102560644630916
14.942144444444445	0.21012299742781693
14.975488888888888	0.12817585142911803
15.008855555555556	0.04140608067077878
15.042188888888889	-0.007235696211299825
15.075544444444445	-0.060548019116662743
15.1089	-0.07046161581706833
15.142244444444446	-0.06138987094491455
15.175600000000001	-0.04574821057974532
15.208966666666667	-0.007432732778497098
15.242311111111112	0.056005972394576276
15.275666666666668	0.12694398843477117
15.309022222222223	0.21088267703206398
15.342366666666667	0.28990823303625923
15.375722222222223	0.36197438942360805
15.409077777777778	0.4348713105814639
15.442433333333334	0.4824785987628495
15.47578888888889	0.5267798597448188
15.509133333333335	0.5382543942230793
15.54248888888889	0.539948272036618
15.575844444444446	0.5162251493949643
15.609200000000001	0.4755293008500274
15.642544444444445	0.42161646789247165
15.6759	0.3351298585380995
15.709255555555556	0.2505974259083441
15.742611111111112	0.16789678376368755
15.775955555555557	0.09247007624996151
15.809311111111112	0.035010938447115336
15.842666666666668	-0.003175263392233063
15.876022222222224	-0.028005570613352404
15.90937777777778	-0.050090199864545326
15.942733333333335	-0.04199146854850788
15.976088888888892	-0.008858383939681858
16.009433333333334	0.049843938507848407
16.04277777777778	0.11360577662841997
16.076133333333335	0.20237079517964496
16.10948888888889	0.27900663676079773
16.142844444444446	0.36354939801583086
16.17618888888889	0.43464781704981625
16.209566666666667	0.48956791422855517
16.242900000000002	0.5340204387307814
16.276255555555558	0.5518397340583139
16.309611111111114	0.5483898136828298
16.34296666666667	0.5378291756830063
16.376322222222225	0.5023828385385656
16.409666666666666	0.4410785739478076
16.443033333333336	0.37520076840177197
16.476377777777778	0.28110727043150163
16.509733333333333	0.19764718408278092
16.54308888888889	0.11219586455375818
16.576433333333334	0.047765411986290474
16.60978888888889	-0.01304516422047719
16.643144444444445	-0.05502333039708773
16.6765	-0.06515510551089854
16.709844444444446	-0.06107888237381687
16.7432	-0.04873780089645585
16.776555555555557	-0.008367763861862443
16.809944444444444	0.054038754262020205
16.843244444444444	0.1348681475997875
16.876611111111114	0.2158372864666518
16.909966666666666	0.2936591643325297
16.94332222222222	0.3740521213221175
16.976666666666667	0.4407563684621252
17.010022222222222	0.487136335444875
17.04337777777778	0.5315769534107755
17.076733333333333	0.5441514921695401
17.11007777777778	0.5449219233414571
17.143433333333334	0.5224785396286915
17.17678888888889	0.4908922266941449
17.210144444444445	0.43461279548164633
17.24348888888889	0.3669017242144701
17.276833333333336	0.28178634431880134
17.310200000000002	0.19515106554688977
17.343555555555557	0.11575989555426425
17.3769	0.047885645371090746
17.410244444444444	-0.007647080441904208
17.44361111111111	-0.039250024332973865
17.476966666666666	-0.05866509573115941
17.51031111111111	-0.05257696318356864
17.543666666666667	-0.039797880421931
17.577022222222222	0.011474266252905707
17.610377777777778	0.06287448730044964
17.643722222222223	0.1304611274508023
17.67707777777778	0.21668002895304106
17.710433333333334	0.2896624015143754
17.74381111111111	0.3596899411538317
17.777133333333335	0.42127055139110503
17.81048888888889	0.47004068005775146
17.843855555555557	0.4973884932922097
17.877200000000002	0.5073039632263558
17.910544444444444	0.49773763041985575
17.943911111111113	0.4723463941469994
17.977255555555555	0.4390362766694409
18.01061111111111	0.3861696250988338
18.043966666666666	0.30209351907043924
18.07732222222222	0.2336964990631003
18.110666666666667	0.15192728921964438
18.144022222222222	0.09461938640121836
18.177377777777778	0.02800597649238057
18.210722222222223	-0.002004728175139192
18.24407777777778	-0.021629481207513734
18.277422222222224	-0.017882748321108366
18.31077777777778	-0.0038890486999516583
18.344144444444446	0.010101594759461818
18.3775	0.0540125489406158
18.410844444444447	0.10995834502490176
18.444200000000002	0.17335199771581955
18.477555555555558	0.2605132897264788
18.510911111111113	0.323593691824696
18.54426666666667	0.38679678361911307
18.57761111111111	0.42775260464624587
18.610966666666666	0.4730586538564374
18.644322222222222	0.48691519165103436
18.677677777777777	0.48610934140130624
18.711011111111112	0.48210085245504075
18.74437777777778	0.44580030512958935
18.777733333333334	0.39561827812578976
18.811088888888886	0.3276306500317361
18.844433333333335	0.2623637546935118
18.87778888888889	0.1918878382022271
18.911144444444446	0.12889059749798548
18.9445	0.0731601897767149
18.977844444444447	0.010562591165090396
19.011200000000002	-0.007598784579206708
19.044555555555558	-0.013018382662462358
19.077911111111113	-0.011397170333182771
19.111255555555555	0.008132402398119964
19.14461111111111	0.046246506142900046
19.177966666666666	0.10489203586963036
19.211322222222222	0.17129454708227776
19.244666666666667	0.23170133307389484
19.278011111111113	0.3039047167655706
19.311388888888892	0.3709579054276464
19.344722222222224	0.4249551973098509
19.37807777777778	0.45996780631983114
19.411433333333335	0.47603030374544986
19.44478888888889	0.4827119601707377
19.478144444444446	0.4854944230091842
19.5115	0.4575489354015527
19.544855555555557	0.41355174873507394
19.578200000000002	0.36426294085093147
19.611555555555558	0.28638836386657474
19.6449	0.22103099982940755
19.678255555555555	0.14798076191769027
19.71161111111111	0.0762595390704206
19.744966666666667	0.032153040799340005
19.778322222222222	-0.002923537583884084
19.811666666666667	-0.021296984152831655
19.845022222222223	-0.01716637238715002
19.87837777777778	-0.0021430577231331682
19.911722222222224	0.017468471764777505
19.94508888888889	0.06368805536371269
19.978433333333335	0.12835928317222844
20.01178888888889	0.18952484885952892
20.045155555555557	0.2691438755823867
20.07848888888889	0.3310249612756433
20.111844444444447	0.3889888357264333
20.145200000000003	0.43896951410069285
20.17855555555556	0.4733373273706025
20.2119	0.4934618316613868
20.245255555555556	0.4955969087115708
20.27862222222222	0.48126600033562816
20.311955555555556	0.4558404420962816
20.34531111111111	0.41126629367458456
20.378688888888888	0.3514620792271508
20.412022222222223	0.27416552783356885
20.44537777777778	0.20309061292218722
20.478733333333334	0.1265888675756024
20.51208888888889	0.07011431439924998
20.545433333333335	0.01231927605618921
20.57878888888889	-0.01518776234143715
20.612133333333336	-0.033798622512497545
20.645500000000002	-0.04697300795578663
20.678844444444444	-0.02602094904976937
20.7122	0.004836791956519093
20.745544444444445	0.04743340096683468
20.77891111111111	0.12197698779089095
20.812266666666666	0.17996067454340192
20.845611111111108	0.24637563903803894
20.878966666666667	0.31895969559778514
20.912311111111112	0.3735035883930031
20.94568888888889	0.4211304062955623
20.979022222222223	0.44902932449423894
21.01236666666667	0.45030468909650345
21.045744444444445	0.4448786036919401
21.07908888888889	0.4344380371182801
21.112444444444446	0.3957628777819995
21.14578888888889	0.3592810098975079
21.179144444444447	0.2901488175357425
21.212500000000002	0.2265757807773312
21.245855555555558	0.16913332721212804
21.279211111111113	0.09245056048241196
21.31256666666667	0.05105856826415689
21.3459	0.010145859477146857
21.379255555555556	-0.010298485349862219
21.41261111111111	-0.013895546154362393
21.445966666666667	-0.006631268399432955
21.479322222222223	0.001972667959481811
21.512666666666668	0.026861856598129563
21.546033333333334	0.0879834759731235
21.57938888888889	0.14369553318132944
21.612733333333335	0.20123354879169675
21.64608888888889	0.27525246715045704
21.679433333333336	0.32337126049917764
21.7128	0.37966787253495404
21.746144444444447	0.40362661877161443
21.77948888888889	0.41278969509339625
21.812844444444444	0.4229796840754041
21.8462	0.428287897533119
21.879555555555555	0.4095688705937217
21.9129	0.3787519857460868
21.946266666666666	0.32996936098830076
21.97961111111111	0.2722449328062382
22.012966666666667	0.2165795648577653
22.046311111111113	0.14804965258432468
22.079666666666668	0.10453612328112527
22.113011111111113	0.06342539891535992
22.14636666666667	0.024537407219026974
22.179722222222225	0.005385266475327555
22.21307777777778	-8.660905648483208E-5
22.246444444444446	0.010919415470663552
22.27978888888889	0.041064620801009255
22.313133333333333	0.08346390926497271
22.34648888888889	0.14603285524683862
22.379844444444444	0.2082647691967754
22.41318888888889	0.2705142737693933
22.446544444444445	0.32383088253676284
22.479944444444445	0.37157950176300325
22.513266666666667	0.4018368523456779
22.546611111111112	0.41765403532044765
22.579966666666667	0.43791240653272645
22.613322222222227	0.43184398805898994
22.64667777777778	0.42357726498132386
22.680033333333334	0.3884476714384153
22.71337777777778	0.3381427470101368
22.746733333333335	0.2814445453031542
22.7801	0.2167909889294677
22.813433333333336	0.15638353380999526
22.84678888888889	0.1027562365229091
22.880144444444447	0.05921064449741742
22.913500000000003	0.021132332974154622
22.94685555555556	-0.0016749059362499708
22.9802	-0.003509865363856335
23.013555555555556	0.001479995573513193
23.04691111111111	0.011591821181427875
23.080266666666667	0.051191610647968844
23.113611111111112	0.10538470284192236
23.146966666666668	0.1570460764027093
23.180322222222223	0.22169806548982152
23.21367777777778	0.2861071441984482
23.247033333333334	0.33124855787234786
23.28037777777778	0.3775468414570593
23.313733333333335	0.4128013548169438
23.34708888888889	0.42910533208635115
23.380433333333336	0.43583368629594155
23.413800000000002	0.43188657203370795
23.447144444444447	0.417977202115674
23.480500000000003	0.38214009596546994
23.51385555555556	0.3286683546868048
23.5472	0.268309182976072
23.580555555555556	0.2144130368134256
23.61391111111111	0.15349415982734627
23.647255555555557	0.09785891454061435
23.680611111111112	0.05833974287576105
23.71398888888889	0.01857252090907835
23.747322222222223	-0.00311422106832282
23.78066666666667	-0.0015559983934920751
23.814022222222224	0.002707273144325839
23.84738888888889	0.0168668481147094
23.880733333333332	0.050585574630208185
23.91407777777778	0.10278637858765904
23.947455555555557	0.16136545161821125
23.980800000000002	0.21900767599004922
24.014155555555558	0.2761118848315238
24.0475	0.3308580959524381
24.080844444444445	0.37485219828534433
24.1142	0.3901925091781564
24.147555555555556	0.40715743911048285
24.1809	0.42461107435655343
24.214266666666667	0.4102059472123436
24.247611111111112	0.3914263359103831
24.280966666666668	0.36357513143635956
24.314322222222224	0.30444697396312215
24.34767777777778	0.2599855166373466
24.38103333333333	0.20907300025447384
24.41437777777778	0.158641692087512
24.447733333333336	0.11154865129337033
24.48108888888889	0.07208155277306005
24.514444444444447	0.045825323931197204
24.54778888888889	0.03842405597690579
24.581144444444444	0.04219340363083646
24.6145	0.05166899433699612
24.64784444444445	0.07979333583152126
24.6812	0.11092046458425742
24.714555555555556	0.1576302730233472
24.74791111111111	0.2183509931699099
24.781266666666667	0.26838327059269673
24.814611111111113	0.31556162965018864
24.847966666666668	0.37270123425222224
24.881322222222224	0.3923977684445852
24.91467777777778	0.41155693784730474
24.948033333333335	0.42518079415483534
24.98137777777778	0.42645634728434345
25.014733333333336	0.41467314815116474
25.04808888888889	0.38474881088903956
25.081444444444447	0.349514972077392
25.11478888888889	0.3008519587949152
25.148144444444448	0.2342573322256527
25.1815	0.1841713120258106
25.214844444444445	0.1455033805183774
25.2482	0.09799298335084572
25.281555555555556	0.0763119522365443
25.314911111111112	0.05950018291425607
25.348266666666667	0.0498550981313759
25.381611111111113	0.056425335004972155
25.41496666666667	0.07231688951472037
25.448322222222224	0.10768411977630876
25.48167777777778	0.15533167829848793
25.515022222222225	0.2100579061690997
25.54837777777778	0.2608155084437449
25.581733333333336	0.3111169088974659
25.61508888888889	0.3499292387946973
25.648433333333333	0.374067549929201
25.68178888888889	0.409177782728646
25.715144444444444	0.4260357886307453
25.7485	0.42355002429426314
25.781855555555556	0.4237683077282348
25.8152	0.3925105837905747
25.848555555555556	0.35053225756379014
25.881911111111112	0.31061897821268936
25.915266666666668	0.26009577900469516
25.948611111111113	0.20879065160403876
25.98196666666667	0.15878203628180643
26.015322222222224	0.11319971789620098
26.04867777777778	0.07989520508133374
26.082033333333335	0.055436293140834536
26.11537777777778	0.05170268599817618
26.148733333333336	0.05558593896500241
26.18208888888889	0.05982305190929438
26.215444444444447	0.09662903462434969
26.248800000000003	0.14115728581276699
26.282144444444445	0.1905565115762844
26.3155	0.25267653852993455
26.348855555555556	0.3124598486735515
26.38221111111111	0.3556360314439875
26.415555555555553	0.39584867885744046
26.448911111111112	0.42540118409878325
26.482266666666668	0.4417246616527013
26.515611111111113	0.44435031658041346
26.54897777777778	0.4365141035611835
26.582322222222224	0.42850119762354844
26.61567777777778	0.39661602180600397
26.649033333333335	0.3581964019850439
26.68237777777778	0.31520760196699094
26.715733333333336	0.2622578047221733
26.749088888888892	0.20970251183086752
26.782444444444447	0.16312637109910177
26.81578888888889	0.11613747050155254
26.849144444444445	0.08869083184197635
26.8825	0.07858956718423826
26.91585555555556	0.06047516704431111
26.94921111111111	0.05977726484007739
26.982555555555557	0.07524436733797657
27.015911111111112	0.10431095872380425
27.049266666666668	0.14923478705744309
27.082622222222223	0.2037046578755639
27.11596666666667	0.26080396879494394
27.149322222222224	0.31575904045652514
27.18267777777778	0.3656743119026764
27.216033333333336	0.392464396029494
27.24938888888889	0.421708882246854
27.282744444444447	0.43780360143631647
27.316088888888892	0.43412494458901385
27.349444444444444	0.4327163777669707
27.38278888888889	0.42394051552171064
27.416144444444445	0.3813178242179358
27.44951111111111	0.3431561408006729
27.482855555555556	0.29458415709734176
27.51621111111111	0.24235787947876553
27.549555555555557	0.18944992799573157
27.582911111111112	0.14597786764314158
27.616266666666668	0.11068933110939128
27.649622222222224	0.08745068568527792
27.682966666666665	0.0762266082640668
27.716322222222225	0.07401459995780257
27.74967777777778	0.07126023866626952
27.783022222222222	0.0854342027744508
27.81638888888889	0.13284983545236884
27.849744444444447	0.16363802104631553
27.88308888888889	0.2094647456775416
27.916433333333334	0.26946654174073004
27.9498	0.31101872437117883
27.983155555555555	0.34507797968426956
28.01651111111111	0.3702700179195464
28.049855555555556	0.3867238902034682
28.083211111111112	0.3888330399914821
28.116555555555557	0.384321776277309
28.14994444444445	0.37836699958344866
28.183266666666672	0.3663783387214341
28.216622222222224	0.3374528935418457
28.24997777777778	0.2775176482717008
28.283333333333335	0.23388469493417574
28.31667777777778	0.19562233898826875
28.350022222222222	0.14553357597531225
28.38338888888889	0.11578590614965734
28.416744444444447	0.09870226198394505
28.45008888888889	0.09240945695007774
28.483433333333334	0.07363742004308804
28.5168	0.07111565160643174
28.550144444444445	0.08523800914248092
28.5835	0.1127323869946899
28.616855555555556	0.15387819759401467
28.650211111111112	0.1981178529681884
28.68356666666667	0.23857306947815538
28.716911111111113	0.27406413108231753
28.750255555555558	0.32781021168507607
28.783633333333334	0.35204327249074474
28.81697777777778	0.3757759473156206
28.85031111111111	0.393201436835632
28.88367777777778	0.38502113803282256
28.917033333333336	0.3781973297044825
28.95037777777778	0.3618538224468839
28.983733333333333	0.3367522244000085
29.01708888888889	0.29544937708255503
29.050433333333334	0.2499411110933316
29.08378888888889	0.20857670076121693
29.117144444444445	0.1647699678496739
29.15048888888889	0.12408507473357666
29.183844444444446	0.09918814491777184
29.217200000000002	0.08035929148121213
29.250555555555557	0.0659170350858389
29.283911111111113	0.055278080247845196
29.31725555555556	0.06399140698397687
29.350622222222224	0.09497266200714805
29.38396666666667	0.12282649640036247
29.417322222222225	0.16400689929398027
29.450677777777777	0.21632480644735352
29.484033333333336	0.26454558438383025
29.517377777777778	0.30563565626504463
29.550733333333334	0.33970614008288
29.58408888888889	0.3677951694393915
29.617444444444445	0.3825224868264705
29.65078888888889	0.38395776245223345
29.684144444444446	0.3805559691433178
29.7175	0.3732115063738064
29.750855555555557	0.35040186772027937
29.784211111111112	0.317543211552584
29.817555555555558	0.2705190070314494
29.850911111111113	0.22080941373874552
29.88426666666667	0.1772177443739622
29.917611111111114	0.12690000531985213
29.950977777777776	0.08910391352264213
29.984322222222225	0.06087772638508504
30.01767777777778	0.05270677878485586
30.051022222222223	0.04939986803290708
30.084377777777778	0.05294680369303073
30.117733333333334	0.059136956751688174
30.15108888888889	0.08733388751069704
30.184444444444445	0.127034457699299
30.2178	0.1666564989977637
30.251144444444446	0.21832306290218817
30.2845	0.2593994322648463
30.317866666666667	0.30508652950435966
30.351211111111112	0.34055194206197115
30.384566666666668	0.3666865153806036
30.417911111111113	0.3773187559837492
30.45126666666667	0.38127076744643773
30.484633333333335	0.37975754495302816
30.51798888888889	0.3723780280840199
30.551333333333336	0.3333361142436999
30.58467777777778	0.30116744982358945
30.618033333333337	0.2675668668147839
30.651388888888892	0.22178206709789805
30.684744444444444	0.1738519033327659
30.718088888888893	0.13542332854580685
30.751444444444445	0.1077806870422382
30.7848	0.09257125333748739
30.818155555555556	0.08508251009175005
30.8515	0.09048227635837414
30.884855555555557	0.09820575383311159
30.918211111111113	0.11570323961152518
30.95156666666667	0.1398965672095791
30.984911111111114	0.1730277607301236
31.01826666666667	0.20921271476944092
31.051622222222225	0.2680486094680514
31.084966666666666	0.3068328450798372
31.118322222222222	0.3373667537026446
31.151677777777778	0.3677810215076942
31.185033333333333	0.382079972642126
31.21838888888889	0.3877207231973774
31.251733333333334	0.3863771657435908
31.28508888888889	0.38000424299852575
31.318444444444445	0.357788308050603
31.3518	0.33363695360627155
31.385144444444446	0.30724335859431307
31.4185	0.27395440637519464
31.451855555555557	0.21853009409079682
31.485211111111113	0.18275210055866786
31.51856666666667	0.15660402873137436
31.551911111111114	0.13706587030918094
31.58526666666667	0.13328837258189452
31.618622222222225	0.1168482332111509
31.651966666666667	0.11664307358068982
31.685322222222222	0.12508651730408893
31.718688888888895	0.1484319647447947
31.752033333333333	0.1692449402650169
31.78537777777778	0.20795506493013427
31.818733333333334	0.2421746672739129
31.8521	0.29120230458984686
31.885444444444445	0.32021679576224393
31.91878888888889	0.3389627857062596
31.952155555555557	0.3532650870499179
31.985511111111112	0.3804795519400841
32.018855555555554	0.37896479226652424
32.05221111111111	0.3751058624010639
32.08555555555556	0.3644195865031499
32.11891111111111	0.3348625613170366
32.15226666666667	0.3023125193333911
32.185611111111115	0.26971634837861025
32.21896666666667	0.22631193141658557
32.252322222222226	0.1900336424296043
32.28566666666667	0.164960241345959
32.31902222222222	0.13991948073642746
32.35238888888889	0.13036644644257045
32.38574444444445	0.10435015170194895
32.41908888888889	0.10813924417584353
32.452444444444446	0.11577194638856447
32.485800000000005	0.1325754265915986
32.51915555555556	0.15656832491725226
32.5525	0.19782600378153248
32.585855555555554	0.23649004661486828
32.6192	0.27375082949924057
32.652566666666665	0.31497297865001883
32.685922222222224	0.3458633892179446
32.71926666666667	0.3683313893019218
32.752611111111115	0.3823326281278021
32.78597777777778	0.3826683351467022
32.81933333333333	0.38013262922671487
32.85267777777778	0.3725369742349436
32.88603333333334	0.36359780649497964
32.91938888888889	0.33276399797238376
32.95274444444445	0.28777346016645744
32.986088888888894	0.24287212790130752
33.019444444444446	0.20684973851152222
33.052800000000005	0.16560833031642375
33.08615555555555	0.13055728147944556
33.1195	0.10135861825529346
33.152855555555554	0.09051418393169719
33.18621111111111	0.0919754388381957
33.21955555555556	0.09944007916575792
33.25291111111111	0.10901316447477072
33.28626666666667	0.11997227728514481
33.31962222222222	0.15798553945419158
33.35297777777778	0.20012021750475562
33.386322222222226	0.24085028154783572
33.41967777777778	0.27352632094363827
33.45303333333334	0.3144065318167044
33.48638888888889	0.3441467608805091
33.51974444444445	0.3662428802117379
33.553088888888894	0.37692788979655845
33.586444444444446	0.381511494842691
33.619800000000005	0.37965960567014356
33.65314444444444	0.3740797611680602
33.686511111111116	0.35644973112791334
33.719855555555554	0.33096302576915626
33.75321111111111	0.28850933859599515
33.786566666666666	0.2502408351541785
33.819944444444445	0.21385755745069268
33.85326666666667	0.17253701952452616
33.88662222222222	0.1463203740910668
33.91997777777778	0.13087228287445285
33.953322222222226	0.10918323173705247
33.98667777777778	0.10630919918762238
34.02003333333334	0.10957657145233668
34.05337777777778	0.12684102705008193
34.086733333333335	0.14991241036045544
34.120088888888894	0.1726534832241171
34.153444444444446	0.21015611040428972
34.18678888888889	0.24804003659543028
34.22015555555556	0.28175485172216774
34.25351111111111	0.31641567632090606
34.28686666666667	0.3385819314701166
34.320211111111114	0.3589596354106881
34.353566666666666	0.3753451063146027
34.386922222222225	0.3761421461475756
34.42026666666667	0.37389411174751075
34.453611111111115	0.3483606067991598
34.48696666666667	0.3241969665120976
34.52033333333333	0.2986461554954847
34.55368888888889	0.27699324096815303
34.587022222222224	0.22253243999174188
34.62038888888889	0.1967294608622936
34.65374444444445	0.17033293013117223
34.6871	0.15467236965549702
34.720444444444446	0.1453148681787333
34.7538	0.1480420406519567
34.78715555555556	0.1542067616978109
34.8205	0.16115754418128247
34.85386666666667	0.1685761171379756
34.8872	0.1858067762417317
34.920566666666666	0.2099961455363033
34.953922222222225	0.26524962850529477
34.98726666666667	0.29253869780537833
35.020611111111116	0.3170758105296372
35.05397777777778	0.33529674922511177
35.08733333333333	0.36951963019458667
35.12067777777777	0.3784796209475676
35.15403333333334	0.37864214907027005
35.18738888888889	0.37626890895143283
35.22074444444445	0.36858871174313634
35.25408888888889	0.3451960336980804
35.287444444444446	0.31828655211267964
35.3208	0.28005798022969586
35.35415555555556	0.2520410970093536
35.3875	0.2210106144479873
35.420855555555555	0.19444770394528987
35.454211111111114	0.1589078045744774
35.487566666666666	0.15011069862365467
35.52091111111111	0.1518053940636861
35.55426666666667	0.15608273424101426
35.58762222222222	0.16359806646065955
35.62096666666667	0.1669321261210115
35.65432222222223	0.1907358704056179
35.68768888888889	0.22622780814806198
35.72103333333334	0.26349865272677775
35.75438888888889	0.30127519758166166
35.787733333333335	0.3328084439726915
35.8211	0.3641582572305939
35.85444444444445	0.38261787183851936
35.8878	0.3890955444395612
35.921144444444444	0.3897746413724583
35.9545	0.3843008812173636
35.987855555555555	0.38547888314726286
36.021211111111114	0.37251847240018243
36.05455555555556	0.3455913988832169
36.08791111111111	0.3073820462629566
36.12125555555556	0.27885081065872086
36.154611111111116	0.24042003993360517
36.18796666666667	0.20448855186710269
36.22132222222223	0.17062182963463357
36.25467777777778	0.15241815233805234
36.288022222222224	0.1436677785846232
36.321377777777776	0.14688453708138915
36.354755555555556	0.15562145653666626
36.3881	0.16205490990395433
36.42145555555556	0.1725199282716492
36.4548	0.20054267372416135
36.48815555555556	0.22823332809434582
36.52151111111111	0.2685404655946133
36.55486666666667	0.3078811679074196
36.588211111111114	0.34119277959835337
36.621566666666666	0.3686853231775782
36.654922222222226	0.3811452204845338
36.68827777777778	0.38917192565184777
36.72162222222222	0.3894002921961448
36.75497777777778	0.38494056312191915
36.788333333333334	0.37857534707606
36.82168888888889	0.3707086432188351
36.85503333333334	0.3416939854461045
36.88837777777778	0.3081681051856311
36.92174444444445	0.27238232371434634
36.9551	0.23432371534699747
36.98845555555556	0.20088090402003012
37.0218	0.1814288363306904
37.05515555555556	0.1588970411921995
37.088522222222224	0.1495127403554264
37.121855555555555	0.15046982874206094
37.155211111111115	0.15415366674062625
37.18856666666667	0.1632588276609237
37.221922222222226	0.17618989036350108
37.25526666666667	0.21506903755161844
37.28863333333334	0.24519429060299913
37.32197777777778	0.2795801851899693
37.355333333333334	0.31425710788734484
37.38868888888889	0.337944618514177
37.42203333333334	0.3650588825791008
37.45538888888889	0.3821254892759054
37.48874444444445	0.3883310014239161
37.52208888888889	0.37968532945397726
37.55544444444445	0.378465693079983
37.5888	0.3734243482880739
37.62215555555556	0.35920776314257985
37.6555	0.3386066128793406
37.68886666666667	0.28428794643028965
37.722211111111115	0.2617192705184621
37.75556666666667	0.23136063103435944
37.78891111111111	0.20821657653329773
37.82226666666667	0.1897080823098296
37.85562222222222	0.1823043220826186
37.88897777777778	0.16887023581865712
37.922333333333334	0.16549221396562963
37.95567777777778	0.16941366603074925
37.98903333333333	0.17914437721351106
38.02238888888889	0.2136561932525467
38.05574444444444	0.23666641498856755
38.08908888888889	0.2615542849731707
38.122455555555554	0.28690694879404255
38.15581111111111	0.30783046140885517
38.18915555555556	0.3476552802890982
38.22251111111111	0.358515533135936
38.255855555555556	0.3744152530529252
38.289211111111115	0.3764050792257958
38.32255555555556	0.37625359683239346
38.355922222222226	0.3704864620390893
38.38927777777778	0.3568039180213507
38.42262222222222	0.3315969217736683
38.45597777777778	0.31121412033621176
38.48932222222222	0.2821450881296439
38.522688888888894	0.2542301964689724
38.556044444444446	0.2137560997606247
38.58938888888889	0.19943597049476836
38.622733333333336	0.19189166656284584
38.656099999999995	0.19611870598498626
38.689455555555554	0.204890041948536
38.7228	0.21358857991655356
38.75615555555556	0.213676249705685
38.78951111111111	0.22837571708769389
38.82286666666667	0.2572822247172297
38.856211111111115	0.2836024542136659
38.88956666666667	0.3168075703745856
38.922922222222226	0.3398212232044351
38.95627777777778	0.3655308702268538
38.98962222222222	0.3821382798861599
39.02297777777778	0.3889821182487925
39.056333333333335	0.38890714836618834
39.089688888888894	0.3984467009381554
39.12303333333333	0.38217728044199895
39.15638888888889	0.37202157916333967
39.18974444444444	0.35266714427524803
39.2231	0.3268410111386455
39.25644444444445	0.2895977375951677
39.2898	0.25476994056182356
39.323144444444445	0.22522796395196032
39.356500000000004	0.20267272483671128
39.389855555555556	0.17828334455754025
39.423211111111115	0.1632067861806572
39.45656666666667	0.16090685715853326
39.48994444444445	0.1624635560409935
39.52326666666667	0.16763820907797822
39.556644444444444	0.18121469785431543
39.58997777777778	0.2071677039572144
39.623333333333335	0.22892543731845905
39.656711111111115	0.26590978268850307
39.69003333333333	0.30027428364791575
39.72340000000001	0.33293243771420933
39.75674444444444	0.3593481562427936
39.79008888888889	0.3814832747026511
39.82344444444445	0.3885948410623179
39.8568	0.38752196939053185
39.89015555555556	0.38493478428684114
39.923500000000004	0.37777235511466145
39.956855555555556	0.37066046087189264
39.990211111111115	0.3432091265536634
40.02356666666667	0.3129200724856389
40.05691111111111	0.27836018665237816
40.09027777777778	0.24916123953137692
40.123622222222224	0.22471578322456232
40.15697777777778	0.2031228734509405
40.19032222222223	0.18477905575284126
40.22367777777778	0.16496726106730364
40.25703333333333	0.16071472455675995
40.29038888888889	0.16302975145701026
40.32374444444444	0.16909263696596
40.35708888888889	0.18011445404262894
40.39044444444445	0.20305415143460515
40.4238	0.22787742085406393
40.45715555555556	0.2628077749929645
40.49051111111111	0.28729288438089284
40.523855555555556	0.318093177973358
40.557211111111116	0.3371227062993629
40.59055555555556	0.3501652443002161
40.62391111111111	0.35538902309245657
40.65726666666667	0.3577447725484646
40.69062222222222	0.3637164679372429
40.72396666666667	0.359790034414619
40.75732222222222	0.3399022344847662
40.79067777777778	0.3189720410521577
40.82403333333333	0.29501977320975215
40.85738888888889	0.2644459520346043
40.890744444444444	0.23823207109125377
40.9241	0.21275843509651793
40.957455555555555	0.2006108423605415
40.9908	0.19008278535307
41.02415555555556	0.1926499333210323
41.05751111111111	0.2020806815757954
41.09086666666667	0.2103968364452573
41.124211111111116	0.21705123773781487
41.15756666666667	0.22749145167918527
41.19092222222223	0.2654293916327699
41.22427777777778	0.2869659873384851
41.25761111111111	0.31328167055588096
41.290977777777776	0.3318742805367929
41.324333333333335	0.34864388314756667
41.35768888888889	0.35673205517571205
41.39103333333333	0.372790006372858
41.42438888888889	0.3762785808738123
41.457744444444444	0.3764638212353084
41.4911	0.3728350654772026
41.52444444444445	0.36441277290328244
41.5578	0.3399188208566528
41.59115555555556	0.31861788102711763
41.62451111111111	0.2939859060270429
41.65785555555556	0.26526102654309014
41.691211111111116	0.22330016672770725
41.724555555555554	0.21050056663614214
41.757922222222234	0.2029082796503765
41.791266666666665	0.20508645148125026
41.824622222222224	0.20879477401260438
41.857977777777776	0.2150865347439641
41.891333333333336	0.22190490262490847
41.92467777777778	0.23135725244307181
41.95804444444445	0.2572012194980129
41.99138888888889	0.28228691081295487
42.024744444444444	0.3134190319554122
42.05808888888889	0.3325776622643968
42.09144444444445	0.35753208390531377
42.1248	0.37636744257162214
42.15815555555556	0.38390117296750326
42.19151111111111	0.3973211409978088
42.22485555555556	0.38884169089789644
42.25822222222222	0.3792985472852042
42.29156666666667	0.37161017297586874
42.32492222222223	0.3543435507510022
42.35827777777778	0.33148920438426543
42.391622222222225	0.3020587027936994
42.42497777777778	0.2760648274655022
42.45832222222222	0.24970989420270762
42.49168888888889	0.22658406120902796
42.52503333333333	0.21272932568025915
42.55838888888889	0.2058497944217148
42.591744444444444	0.20836393562987432
42.62508888888889	0.21233576295537127
42.658455555555555	0.21813341797323282
42.6918	0.2301975633806368
42.72515555555556	0.23900041023867935
42.758500000000005	0.26466658036679114
42.79186666666667	0.2984942975323328
42.82522222222222	0.32965071551736
42.85856666666667	0.3584475758547665
42.89192222222223	0.38304287414463367
42.92527777777778	0.394242225006078
42.958622222222225	0.4000804536364573
42.99196666666667	0.3915045366672718
43.025333333333336	0.3867383862492382
43.05868888888889	0.3793553050765386
43.09203333333333	0.37399331063700814
43.12538888888889	0.35544040761291207
43.15873333333334	0.3292815063272059
43.19208888888889	0.29855933137848467
43.22544444444445	0.2800119482721275
43.2588	0.2547747059905241
43.29215555555556	0.2318364980285601
43.32551111111111	0.2138002792080318
43.35885555555556	0.20669302020820268
43.392211111111116	0.20778584540049927
43.42556666666667	0.21200063436591776
43.458911111111114	0.2180688403891473
43.492266666666666	0.22487210412391967
43.525622222222225	0.25143380799089243
43.55897777777778	0.2756179269709058
43.592333333333336	0.3044589095160184
43.62567777777778	0.334071899940648
43.65903333333333	0.3589506270367284
43.69238888888889	0.38070074745569293
43.72574444444444	0.38458650509791603
43.759100000000004	0.38841662460384185
43.792444444444456	0.3870376887186051
43.8258	0.3830718423323276
43.85915555555556	0.37785260858052183
43.89251111111111	0.3705544372680052
43.92585555555556	0.35613527808944845
43.95921111111112	0.3365890605946884
43.99256666666667	0.3108752257338576
44.02592222222223	0.2848755583242113
44.05927777777778	0.26445929862648043
44.092622222222225	0.25156709952200984
44.12597777777778	0.238663742885997
44.159333333333336	0.2233632715389362
44.1927	0.22054901510585267
44.22603333333333	0.22366850210252487
44.25938888888889	0.22982407791536374
44.292744444444445	0.26175437409387037
44.326100000000004	0.2781613906434579
44.35944444444445	0.2990859902532481
44.39282222222222	0.32749997992029556
44.42616666666667	0.34027353369659785
44.45951111111111	0.36143286848297684
44.49286666666667	0.3778865071687765
44.52622222222222	0.38116009832229736
44.55957777777778	0.382642879624969
44.59292222222223	0.3807931176928321
44.626266666666666	0.37717898949954787
44.65963333333333	0.3713341149153937
44.69297777777778	0.3582446823771761
44.72632222222222	0.33980522422193715
44.75968888888889	0.31666085499276164
44.79304444444445	0.2730594724040678
44.8264	0.2603870522493015
44.859744444444445	0.24766959073838635
44.893100000000004	0.24421756838856012
44.926455555555556	0.24932892872019963
44.959811111111115	0.25955924372890316
44.99315555555556	0.26571900600789
45.02651111111111	0.2717257957408936
45.05986666666667	0.27884431985407865
45.09321111111111	0.2982844872502941
45.12656666666667	0.32670513391448
45.159933333333335	0.3483479690934477
45.19327777777778	0.3665743947496143
45.226622222222225	0.3814981812280891
45.25996666666667	0.39269878684128123
45.29334444444444	0.39360813466299405
45.32668888888889	0.413474427299537
45.360033333333334	0.4210284894273144
45.39338888888889	0.41847663223682474
45.426744444444445	0.40638489841028225
45.460100000000004	0.3906190017710234
45.49344444444445	0.37068932843677693
45.52678888888889	0.3451281575585412
45.56014444444445	0.3189491787789738
45.59351111111111	0.29262679178425444
45.62686666666667	0.2684660389727558
45.66021111111111	0.26128110643837843
45.69357777777778	0.25742041585201925
45.72692222222222	0.2610537945374638
45.76027777777778	0.26520092380236626
45.793622222222226	0.2731812659422559
45.82697777777778	0.272721412221264
45.86033333333334	0.2852174136621741
45.89368888888889	0.31445820192279683
45.92704444444445	0.3355685579164316
45.96038888888889	0.3651319380150575
45.99375555555556	0.38628273477520203
46.02711111111111	0.4012997428006031
46.06044444444445	0.4130659218796513
46.0938	0.4285788936856836
46.12715555555556	0.43154313598765803
46.16051111111111	0.43092290084758744
46.19386666666667	0.42608693859459024
46.22721111111111	0.41660896696361505
46.26056666666666	0.39527728013765895
46.293911111111115	0.37137029400835964
46.32726666666667	0.35642794728799565
46.360644444444446	0.3315342515046389
46.39398888888889	0.30978261432627185
46.427344444444444	0.28475992681448403
46.46068888888889	0.27033346765665556
46.49404444444445	0.26601703586641
46.5274	0.2656891405981803
46.56075555555556	0.2676770505634156
46.59408888888889	0.27268001014605936
46.62744444444445	0.2789501715750884
46.660811111111116	0.30094438176482186
46.69416666666667	0.3279183785607458
46.72751111111111	0.35335853947478313
46.76085555555556	0.38217224668010985
46.794222222222224	0.3999424654639565
46.82757777777778	0.4136550582293914
46.860911111111115	0.42584809453140693
46.89427777777778	0.43210148293720607
46.92763333333333	0.43386783015929
46.96098888888889	0.4329282879007046
46.99433333333334	0.42886858435426767
47.02768888888889	0.4227822352834014
47.06104444444445	0.4019585284173939
47.0944	0.37722137284991675
47.12773333333334	0.358281397627918
47.161100000000005	0.3343747564850812
47.19445555555556	0.3153269885108525
47.227811111111116	0.3019888619212381
47.26115555555556	0.29585606048350854
47.29451111111111	0.2782157507942973
47.32786666666668	0.2755090388591199
47.361222222222224	0.27741419450057414
47.39456666666667	0.28435477978875845
47.42792222222222	0.2915498270547836
47.46127777777778	0.30667442047057314
47.49464444444445	0.32976762757423295
47.52797777777778	0.3464231569314862
47.56132222222222	0.361488484315057
47.59468888888889	0.3801639341050862
47.62804444444445	0.3880030829028751
47.661388888888894	0.39065146124291417
47.694744444444446	0.387644792462547
47.728100000000005	0.3843309594449753
47.76145555555556	0.3798173793719588
47.7948	0.37518579728339674
47.82815555555556	0.3651803251665928
47.86151111111111	0.3537189070636817
47.89486666666667	0.339396564301369
47.92821111111111	0.31850990043939653
47.96156666666667	0.30392883745309085
47.99492222222222	0.2960058226990139
48.02827777777778	0.27618797150194574
48.06163333333333	0.27019201419676087
48.09498888888889	0.2719876178920888
48.12833333333334	0.2723978911144904
48.16168888888889	0.27655691885268574
48.195033333333335	0.2840322653220788
48.2284	0.3062584749120507
48.261744444444446	0.32623649658868104
48.295100000000005	0.343316308916668
48.32845555555556	0.36106920794378894
48.361811111111116	0.37876052300247665
48.39516666666667	0.38581632607303007
48.42851111111111	0.38931454798015963
48.46185555555556	0.38728207046932717
48.495222222222225	0.38342670710610527
48.52856666666667	0.3773438539577967
48.56192222222222	0.3717142753199436
48.59527777777778	0.3637747896772101
48.62863333333333	0.340308871395397
48.66198888888889	0.3184222624269619
48.69533333333334	0.2945471425348227
48.72867777777778	0.27068739238444195
48.76204444444445	0.258549749726658
48.7954	0.2496684206691384
48.82875555555556	0.24915856910174128
48.862100000000005	0.25672869718287394
48.89545555555556	0.2633350719494896
48.928811111111116	0.2707967836588594
48.962155555555555	0.27960355759101674
48.995511111111114	0.28935991263757543
49.028866666666666	0.305308727074344
49.062222222222225	0.33330584614098413
49.09557777777778	0.355402609686136
49.128911111111115	0.3793988089350133
49.16226666666667	0.39165356343825586
49.19563333333333	0.3980615918413086
49.22898888888889	0.39754400463781003
49.26233333333334	0.3906047278202127
49.2956888888889	0.3848726491244534
49.32904444444445	0.3790737096640129
49.3623888888889	0.3726084697103005
49.395744444444446	0.3611706732948239
49.429100000000005	0.3389012409133283
49.46245555555556	0.3147698832470365
49.4958	0.28983201152574445
49.52916666666667	0.26640820033754053
49.562511111111114	0.2540441626861014
49.595866666666666	0.2464288307593332
49.629222222222225	0.24618681687312893
49.66256666666667	0.25421825104255547
49.69592222222222	0.26265646760000827
49.72927777777778	0.2694697815111411
49.76263333333333	0.27477880113336006
49.795988888888886	0.2843612607503587
49.82933333333334	0.3091372283614344
49.86268888888889	0.3347825158104012
49.896033333333335	0.35648244079161273
49.9294	0.38009711296115434
49.962744444444446	0.3899432060735535
49.996100000000006	0.39804718354941393
50.02945555555556	0.39517728762731075
50.0628	0.39085852857943415
50.096155555555555	0.386034267702307
50.129511111111114	0.37886239132398813
50.162866666666666	0.3730944082188188
50.19621111111111	0.3638912407569599
50.22957777777778	0.3422760888762326
50.26292222222222	0.3198975397788857
50.29627777777778	0.2981558128841826
50.329633333333334	0.28514217973303424
50.36298888888889	0.26800779630205973
50.39633333333334	0.26182959734905076
50.42968888888889	0.2613850226618144
50.46304444444445	0.2636456691759683
50.4964	0.26782239948052755
50.52975555555556	0.2732497120500472
50.56311111111111	0.2803896182461365
50.596444444444444	0.2916754015683942
50.62981111111112	0.308864525924891
50.66316666666667	0.32859451927011385
50.696511111111114	0.34375646387389125
50.729866666666666	0.3574234644447163
50.763222222222225	0.3765187144003086
50.79657777777778	0.38083577899877064
50.82994444444445	0.38209697842097334
50.86327777777778	0.381289188393124
50.896633333333334	0.3778620547663696
50.92998888888889	0.3724538779175166
50.963344444444445	0.36366605846461475
50.99668888888889	0.35230615610625016
51.03004444444445	0.3402762774884618
51.0634	0.32163677168548865
51.09675555555556	0.3080654346673519
51.130100000000006	0.298663953776078
51.16345555555556	0.29770347003828057
51.19681111111112	0.28134514508705344
51.23016666666667	0.2765405706439452
51.263511111111114	0.27489007052861325
51.296866666666666	0.27756211389964314
51.330222222222226	0.28524930606652
51.36357777777778	0.30375893055475345
51.39691111111112	0.32498555784541594
51.43027777777778	0.337791638786074
51.463633333333334	0.35482438311859
51.49698888888889	0.37652941396121165
51.53033333333334	0.38433693709527894
51.56368888888889	0.38758606136318186
51.59704444444445	0.3868765315042264
51.6304	0.3833612448258368
51.66374444444445	0.3778994730809444
51.6971	0.37380853460385843
51.73045555555556	0.36517208403026125
51.76381111111111	0.34820317990940985
51.797155555555555	0.323154266792292
51.83051111111111	0.30725158179968126
51.86386666666667	0.2848183549271024
51.897222222222226	0.270463567882258
51.93056666666667	0.26327215144153016
51.96392222222222	0.2602837602388419
51.99728888888889	0.262595053658341
52.030633333333334	0.2666426259204897
52.06398888888889	0.27255681957694655
52.097344444444445	0.2791680889150161
52.13068888888889	0.28864473493895204
52.16405555555556	0.310428564379686
52.1974	0.3310553106012524
52.23074444444445	0.3499433365824647
52.2641	0.36588979333966165
52.29745555555556	0.37989119734360877
52.33081111111112	0.38656038477992105
52.36416666666667	0.3867795028465757
52.397511111111115	0.38603044291011557
52.43086666666667	0.38156237905574564
52.46421111111111	0.3768061384326007
52.49756666666667	0.36838170488164934
52.53093333333334	0.35658689852727044
52.56427777777778	0.3381845145306617
52.597633333333334	0.3163532826932176
52.63098888888889	0.29431405025196433
52.66433333333334	0.27037661818194003
52.69768888888889	0.25835259889116635
52.73104444444445	0.2521242561960193
52.76438888888889	0.2537154989657999
52.79774444444445	0.2590316731857101
52.8311	0.2653412408713667
52.864444444444445	0.27074733628155023
52.89781111111111	0.27604364938980197
52.93116666666667	0.2854544159382595
52.964511111111115	0.3068989906187305
52.99785555555556	0.3300339349412127
53.03121111111111	0.3474073978712582
53.06456666666667	0.3627368578127932
53.09792222222222	0.3792339705845382
53.13127777777778	0.3863045430947576
53.164633333333335	0.3873461178494999
53.197988888888894	0.3856930068659423
53.231344444444446	0.3826892266500437
53.26468888888889	0.3772462754595107
53.29804444444445	0.3717252354901621
53.3314	0.3586706206776018
53.36474444444445	0.3376801011983783
53.3981	0.3205492995614634
53.43145555555556	0.304228116153773
53.46481111111111	0.2848505644652466
53.498155555555556	0.2694135204184356
53.531511111111115	0.26433327597315603
53.56486666666667	0.2635184749031243
53.598222222222226	0.2652815596764846
53.63157777777778	0.2698795520841486
53.66492222222222	0.2747805006496087
53.69827777777778	0.28058634029740936
53.731633333333335	0.29060029227570183
53.764988888888894	0.31144365221926407
53.798344444444446	0.32660947046363376
53.83168888888889	0.33969483569861936
53.86504444444445	0.35426198975957846
53.8984	0.3761373025492709
53.93175555555556	0.3800159706678734
53.96512222222223	0.38071545662545425
53.99845555555556	0.3804021537018105
54.03181111111111	0.37645031217630454
54.06516666666667	0.3716662746970538
54.098511111111115	0.3640362018547112
54.13186666666667	0.35051541101336703
54.16523333333333	0.3270791555957189
54.19856666666667	0.3158440919952188
54.231922222222224	0.3040541965014061
54.26528888888889	0.292949624988605
54.298633333333335	0.27563171785910967
54.33197777777778	0.27071391841138137
54.365344444444446	0.2704243131747486
54.39868888888889	0.2712704860254185
54.43204444444445	0.27514654875151656
54.4654	0.27966499313896875
54.49874444444445	0.29452129543311933
54.5321	0.3057819628858187
54.56545555555556	0.3260447224603329
54.59881111111111	0.3359533253816238
54.63216666666667	0.3478006473068742
54.665511111111115	0.35535423588746085
54.69886666666667	0.3703129228183375
54.73221111111111	0.3753288126510146
54.76556666666667	0.37532176699272135
54.79893333333334	0.37433255236414986
54.83227777777778	0.3698583700161393
54.86562222222223	0.36296944840337453
54.898988888888894	0.3466539482496209
54.932344444444446	0.3238639532353229
54.96568888888889	0.31270415760728554
54.99903333333334	0.29868963933615866
55.03238888888889	0.2896867696417047
55.06574444444445	0.2726966693395543
55.0991	0.27033966255053343
55.132444444444445	0.26906936274881943
55.16581111111111	0.2710059049323821
55.19916666666667	0.2744835652414661
55.232511111111116	0.2806704177949033
55.26586666666667	0.28903275757754265
55.29922222222223	0.3065304378457565
55.33257777777778	0.32654406337637454
55.36593333333333	0.33838337991120504
55.39928888888889	0.35596170306416397
55.432633333333335	0.3758919385419315
55.465988888888894	0.3824949471838881
55.49933333333333	0.3830731358942785
55.53268888888889	0.38184726714850825
55.56603333333334	0.37963600472042813
55.5994	0.3763285366037348
55.632755555555555	0.3702724205919683
55.6661	0.3591954954023233
55.69945555555556	0.3436781018553159
55.73281111111111	0.3198789503730701
55.76616666666667	0.3065436911115498
55.799511111111116	0.28912524850192867
55.83286666666667	0.2703002415111424
55.86622222222223	0.2664999886652559
55.89956666666667	0.26433137974825627
55.932922222222224	0.26707731496519393
55.96627777777778	0.2689741552161937
55.999633333333335	0.2725193174700724
56.032988888888895	0.27866492977189594
56.06633333333333	0.2889501092451958
56.09968888888889	0.30968086571066955
56.13303333333334	0.32834632415121767
56.1664	0.3419888028503557
56.199755555555555	0.3554419273403031
56.2331	0.3770308975100125
56.26645555555556	0.3824539636272739
56.29981111111111	0.3838158489383101
56.33315555555556	0.3821556200773166
56.366511111111116	0.3801164293948336
56.39986666666667	0.3765513713440196
56.43322222222223	0.3734672753917838
56.46657777777778	0.3631248527506816
56.499944444444445	0.339994204212946
56.53328888888889	0.32200519835469876
56.56664444444445	0.3093582394559302
56.59997777777778	0.2960787487205252
56.63334444444445	0.27296510697009424
56.666700000000006	0.2677046473135505
56.700044444444444	0.26591262892711676
56.7334	0.26744538181972466
56.766755555555555	0.2696151721082618
56.800111111111114	0.2743144163628699
56.833466666666666	0.27920553254211455
56.86681111111111	0.2898701242059616
56.90016666666667	0.3073789453507807
56.93352222222222	0.32674258609699613
56.96687777777778	0.33683818937623045
57.00022222222223	0.3504306847125367
57.03357777777778	0.35512512575781585
57.06693333333334	0.3723100365183445
57.100277777777784	0.37613609063684983
57.13362222222222	0.37589257102089135
57.16697777777778	0.3743602640106136
57.20034444444445	0.3695282641331339
57.233700000000006	0.36397966704881846
57.267044444444444	0.35212525398006456
57.3004	0.3423804103523054
57.333755555555555	0.3236411691525838
57.367111111111114	0.315625131117681
57.400444444444446	0.3058580621074771
57.433822222222226	0.3053386440659338
57.46716666666667	0.3080088428350045
57.50052222222222	0.3131213704707765
57.53386666666667	0.31790893678611987
57.56722222222223	0.3230720151763933
57.60057777777778	0.327190338907295
57.63393333333334	0.3331204027512218
57.667277777777784	0.341482308726496
57.700633333333336	0.35616859369996057
57.733988888888895	0.3749597004476808
57.76734444444445	0.38277603178803865
57.80068888888889	0.3899807496779424
57.83405555555556	0.3887799720045564
57.8674	0.3878349434938748
57.90075555555556	0.3841632195740061
57.934111111111115	0.38084110687481676
57.96745555555556	0.37757715125730584
58.00081111111111	0.37413298588977995
58.03416666666667	0.3652712822298234
58.067511111111116	0.35046030366586756
58.10086666666667	0.3273210162717035
58.13422222222223	0.31686527781930884
58.16757777777778	0.30886007719603015
58.200922222222225	0.30682575133083567
58.23428888888889	0.3067580278875397
58.267633333333336	0.3144988508436857
58.300988888888895	0.318924342388641
58.33434444444445	0.32359754559719534
58.3677	0.32748041255107196
58.401044444444445	0.33231869481612186
58.434400000000004	0.34494531311957566
58.46774444444445	0.3581370925423286
58.5011	0.37817703500473243
58.53445555555556	0.3861449394188625
58.56781111111111	0.39157149852076323
58.60115555555556	0.391601015674901
58.63451111111112	0.3915063774512326
58.66786666666667	0.3874245588045433
58.70122222222223	0.38369688856055717
58.73456666666667	0.3784469572192375
58.767922222222225	0.37347213939388446
58.80127777777778	0.36638627732786766
58.834633333333336	0.3565138830118002
58.86798888888889	0.34096378092209534
58.90133333333333	0.32254300868999053
58.9347	0.31304686594024034
58.968044444444445	0.30392071754322103
59.001400000000004	0.30193624597111146
59.034755555555556	0.3103920305015482
59.068111111111115	0.3148906215754863
59.10145555555556	0.3193644587262625
59.134800000000006	0.32403086176724294
59.16816666666667	0.32949656931579163
59.20151111111112	0.33651454312144047
59.23486666666667	0.34729964033098604
59.26822222222223	0.39570824979453967
59.301566666666666	0.4886501072176266
59.33493333333334	0.4271577283035235
59.36827777777778	0.3824981912894412
59.401633333333336	0.445554398377082
59.434977777777775	0.4893426233433473
59.46834444444445	0.47902168894169606
59.5017	0.517633590402836
59.53503333333334	0.5008199734796435
59.568400000000004	0.4767362423367274
59.601755555555556	0.46633669219884055
59.635111111111115	0.42075650785867325
59.66845555555556	0.3600314741101407
59.70181111111111	0.3635668520318056
59.73516666666667	0.3806560010611104
59.768522222222224	0.4424242850944289
59.80186666666667	0.42854278121064304
59.83522222222223	0.4279707625526008
59.868588888888894	0.3649694873064231
59.90193333333334	0.3188811187778473
59.93528888888889	0.37596596148397055
59.96864444444445	0.4291575444218747
60.00198888888889	0.43761117621560075
60.03534444444445	0.43312165478593023
60.0687	0.5332554183677409
60.102044444444445	0.5386772155068122
60.135400000000004	0.5507422637879529
60.168755555555556	0.6027042579019479
60.202111111111115	0.5362205341536388
60.23546666666667	0.5292991616144356
60.26881111111111	0.5545616146501935
60.30216666666667	0.5284280207450216
60.335522222222224	0.4910323284808662
60.36887777777778	0.5388993110252525
60.40222222222223	0.48707065223784873
60.43557777777779	0.485275182713103
60.46893333333334	0.5247361504996455
60.50228888888889	0.40932259391061976
60.53563333333334	0.3336904024549181
60.56898888888889	0.4089028335100231
60.602333333333334	0.45182749710944314
60.63568888888889	0.37978224063503596
60.66905555555556	0.32646638483140755
60.70241111111111	0.3780631095318743
60.73574444444445	0.42658013504961545
60.769111111111116	0.37834368591895995
60.80246666666667	0.3768909096809647
60.83581111111111	0.37566690512162104
60.86915555555556	0.4085254719434541
60.90251111111112	0.502992640605866
60.93586666666667	0.5004857247134176
60.969211111111115	0.43574992822122205
61.00256666666667	0.4204286682566494
61.035922222222226	0.46527499086707813
61.06927777777778	0.4902777681431676
61.10263333333334	0.49120791209766246
61.13597777777778	0.4802410398318777
61.169333333333334	0.43661684731696226
61.20268888888889	0.38476775003489294
61.236044444444445	0.37778665022736035
61.26938888888889	0.38339994485797035
61.30275555555556	0.37866046553521215
61.3361	0.3676520200458633
61.36946666666667	0.3348820054833421
61.40281111111111	0.3360289224133126
61.43616666666667	0.34440906842268326
61.469522222222224	0.3335951737987255
61.50286666666667	0.3323142964820516
61.53622222222223	0.34209610409830127
61.56957777777778	0.3503597018582365
61.602922222222226	0.3656634261114071
61.63628888888889	0.37931879089440024
61.66963333333334	0.38538412063114613
61.70298888888889	0.3892957781268702
61.73634444444445	0.39263538448577684
61.7697	0.3900899909759108
61.803044444444446	0.38610415427511846
61.836400000000005	0.37765352994974677
